[gd_scene load_steps=27 format=3 uid="uid://bhdc2hysepsk"]

[ext_resource type="Script" path="res://Script/game_control.gd" id="1_bb18a"]
[ext_resource type="PackedScene" uid="uid://k5x862goldww" path="res://Scenes/UI/pause_menu.tscn" id="2_iavuv"]
[ext_resource type="PackedScene" uid="uid://bl64fol7gyyh2" path="res://MarkStuffTemp/yeti_player.tscn" id="3_trjf8"]
[ext_resource type="PackedScene" uid="uid://h8q0mnhmd27d" path="res://Scenes/practice_target.tscn" id="4_mw1bh"]
[ext_resource type="PackedScene" uid="uid://cb0djusaus6ca" path="res://Scenes/Props/log_stack_large.tscn" id="5_fadmk"]
[ext_resource type="PackedScene" uid="uid://iqyfrm5l4r1w" path="res://Scenes/Props/log_stack_small.tscn" id="6_ex0sf"]
[ext_resource type="PackedScene" uid="uid://dpgg405ixukma" path="res://Scenes/Props/scale_box.tscn" id="7_b08ri"]
[ext_resource type="PackedScene" uid="uid://cdhqbhpgni3sx" path="res://Scenes/Props/sign_circle.tscn" id="8_8so78"]
[ext_resource type="PackedScene" uid="uid://bcyw8ak368aco" path="res://Scenes/Props/sign_triangle.tscn" id="9_ebaey"]
[ext_resource type="PackedScene" uid="uid://jc2l80pnltl8" path="res://Scenes/Props/traffic_cone.tscn" id="10_ps6oo"]
[ext_resource type="PackedScene" uid="uid://b7qdvhbc0y5an" path="res://Scenes/Props/tree_pine_bent.tscn" id="11_a1h8d"]
[ext_resource type="PackedScene" uid="uid://c1pnqadtankmw" path="res://Scenes/Props/tree_pine_short.tscn" id="12_2fltc"]
[ext_resource type="PackedScene" uid="uid://cwbyskhm0c3qd" path="res://Scenes/Props/tree_pine_straight.tscn" id="13_xxqwd"]
[ext_resource type="PackedScene" uid="uid://cs64hixqn5e3t" path="res://Scenes/Props/tree_pine_tall.tscn" id="14_gpk18"]
[ext_resource type="PackedScene" uid="uid://bxgvaqkqy8wqg" path="res://Scenes/Props/wood_stack.tscn" id="15_nu6vd"]
[ext_resource type="PackedScene" uid="uid://dues512tx2al3" path="res://Scenes/Props/hedge_lumpy.tscn" id="16_rcrev"]
[ext_resource type="PackedScene" uid="uid://cxajk4s12gg3r" path="res://Scenes/Props/hedge_small.tscn" id="17_76gjx"]
[ext_resource type="PackedScene" uid="uid://b2hawylas6qoq" path="res://Scenes/Props/hedge_tall.tscn" id="18_maru8"]
[ext_resource type="PackedScene" uid="uid://hdp0vgfp62x7" path="res://Scenes/Props/ornament.tscn" id="19_3jqry"]
[ext_resource type="PackedScene" uid="uid://cmhvb0iolu4ac" path="res://assets/VFX/VFX_Snowflakes.tscn" id="20_7q7l1"]
[ext_resource type="PackedScene" uid="uid://d0clotds40svo" path="res://Scenes/yeti_enemy.tscn" id="21_bwp1v"]

[sub_resource type="ProceduralSkyMaterial" id="ProceduralSkyMaterial_crkph"]

[sub_resource type="Sky" id="Sky_8dhso"]
sky_material = SubResource("ProceduralSkyMaterial_crkph")

[sub_resource type="Environment" id="Environment_o45eo"]
background_mode = 2
sky = SubResource("Sky_8dhso")

[sub_resource type="BoxShape3D" id="BoxShape3D_dyt8r"]
size = Vector3(497.059, 1, 499.53)

[sub_resource type="BoxMesh" id="BoxMesh_mhvfs"]
size = Vector3(500, 1, 500)

[node name="Arena" type="Node3D"]
script = ExtResource("1_bb18a")
pause_menu = ExtResource("2_iavuv")

[node name="YetiPlayer" parent="." instance=ExtResource("3_trjf8")]

[node name="PracticeTarget" parent="." instance=ExtResource("4_mw1bh")]
transform = Transform3D(1, 0, 0, 0, 1, 0, 0, 0, 1, -3.5192, 2.30042, -13.7933)

[node name="PracticeTarget2" parent="." instance=ExtResource("4_mw1bh")]
transform = Transform3D(1, 0, 0, 0, 1, 0, 0, 0, 1, 4.54684, 2.30042, -13.7933)

[node name="Environment" type="Node3D" parent="."]

[node name="WorldEnvironment" type="WorldEnvironment" parent="Environment"]
environment = SubResource("Environment_o45eo")

[node name="DirectionalLight3D" type="DirectionalLight3D" parent="Environment"]
transform = Transform3D(1, 0, 0, 0, 0.46793, 0.883766, 0, -0.883766, 0.46793, 0, 0, 0)
shadow_enabled = true

[node name="StaticBody3D" type="StaticBody3D" parent="Environment"]
transform = Transform3D(1, 0, 0, 0, 1, 0, 0, 0, 1, 0, -0.5, 0)

[node name="CollisionShape3D" type="CollisionShape3D" parent="Environment/StaticBody3D"]
shape = SubResource("BoxShape3D_dyt8r")

[node name="MeshInstance3D" type="MeshInstance3D" parent="Environment/StaticBody3D"]
mesh = SubResource("BoxMesh_mhvfs")

[node name="Props" type="Node3D" parent="Environment"]

[node name="LogStackLarge" parent="Environment/Props" instance=ExtResource("5_fadmk")]
transform = Transform3D(1, 0, 0, 0, 1, 0, 0, 0, 1, 12.0275, -0.00012207, -2.15432)

[node name="LogStackSmall" parent="Environment/Props" instance=ExtResource("6_ex0sf")]
transform = Transform3D(1, 0, 0, 0, 1, 0, 0, 0, 1, 7.58699, 0, -0.528992)

[node name="ScaleBox" parent="Environment/Props" instance=ExtResource("7_b08ri")]
transform = Transform3D(1, 0, 0, 0, 1, 0, 0, 0, 1, 2.66545, 0, -9.40727)

[node name="SignCircle" parent="Environment/Props" instance=ExtResource("8_8so78")]
transform = Transform3D(1, 0, 0, 0, 1, 0, 0, 0, 1, -9.05309, 0, -12.8625)

[node name="SignTriangle" parent="Environment/Props" instance=ExtResource("9_ebaey")]
transform = Transform3D(1, 0, 0, 0, 1, 0, 0, 0, 1, 10.6236, 0, -14.9402)

[node name="TrafficCone" parent="Environment/Props" instance=ExtResource("10_ps6oo")]
transform = Transform3D(1, 0, 0, 0, 1, 0, 0, 0, 1, -5.87083, 0, 8.83939)

[node name="TreePineBent" parent="Environment/Props" instance=ExtResource("11_a1h8d")]
transform = Transform3D(1, 0, 0, 0, 1, 0, 0, 0, 1, -7.5655, 0, -1.93588)

[node name="TreePineShort" parent="Environment/Props" instance=ExtResource("12_2fltc")]
transform = Transform3D(1, 0, 0, 0, 1, 0, 0, 0, 1, -14.3388, 0, -6.58419)

[node name="TreePineStraight" parent="Environment/Props" instance=ExtResource("13_xxqwd")]
transform = Transform3D(1, 0, 0, 0, 1, 0, 0, 0, 1, -6.40688, 0, 3.38299)

[node name="TreePineTall" parent="Environment/Props" instance=ExtResource("14_gpk18")]
transform = Transform3D(1, 0, 0, 0, 1, 0, 0, 0, 1, -10.9243, 0, 0.319782)

[node name="WoodStack" parent="Environment/Props" instance=ExtResource("15_nu6vd")]
transform = Transform3D(1, 0, 0, 0, 1, 0, 0, 0, 1, 9.61244, 0, -6.75988)

[node name="Bushes" type="Node3D" parent="Environment/Props"]

[node name="HedgeLumpy" parent="Environment/Props/Bushes" instance=ExtResource("16_rcrev")]
transform = Transform3D(1, 0, 0, 0, 1, 0, 0, 0, 1, 8.30467, 0, 3.91861)

[node name="HedgeSmall" parent="Environment/Props/Bushes" instance=ExtResource("17_76gjx")]
transform = Transform3D(1, 0, 0, 0, 1, 0, 0, 0, 1, 3.31224, 0, 6.24854)

[node name="HedgeTall" parent="Environment/Props/Bushes" instance=ExtResource("18_maru8")]
transform = Transform3D(1, 0, 0, 0, 1, 0, 0, 0, 1, 8.05238, 0, 8.85983)

[node name="HedgeLumpy2" parent="Environment/Props/Bushes" instance=ExtResource("16_rcrev")]
transform = Transform3D(0.628751, 0, 0.777607, 0, 1, 0, -0.777607, 0, 0.628751, 45.9503, 0, -170.401)

[node name="HedgeSmall2" parent="Environment/Props/Bushes" instance=ExtResource("17_76gjx")]
transform = Transform3D(0.628751, 0, 0.777607, 0, 1, 0, -0.777607, 0, 0.628751, 44.623, 0, -165.054)

[node name="HedgeTall2" parent="Environment/Props/Bushes" instance=ExtResource("18_maru8")]
transform = Transform3D(0.628751, 0, 0.777607, 0, 1, 0, -0.777607, 0, 0.628751, 49.634, 0, -167.098)

[node name="HedgeLumpy4" parent="Environment/Props/Bushes" instance=ExtResource("16_rcrev")]
transform = Transform3D(-0.670349, 0, 0.742046, 0, 1, 0, -0.742046, 0, -0.670349, 180.125, 0, 121.411)

[node name="HedgeSmall4" parent="Environment/Props/Bushes" instance=ExtResource("17_76gjx")]
transform = Transform3D(-0.670349, 0, 0.742046, 0, 1, 0, -0.742046, 0, -0.670349, 185.201, 0, 123.554)

[node name="HedgeLumpy5" parent="Environment/Props/Bushes" instance=ExtResource("16_rcrev")]
transform = Transform3D(-0.371579, 0, -0.928401, 0, 1, 0, 0.928401, 0, -0.371579, -226.056, 0, 100.501)

[node name="HedgeSmall5" parent="Environment/Props/Bushes" instance=ExtResource("17_76gjx")]
transform = Transform3D(-0.371579, 0, -0.928401, 0, 1, 0, 0.928401, 0, -0.371579, -226.364, 0, 94.9998)

[node name="HedgeTall5" parent="Environment/Props/Bushes" instance=ExtResource("18_maru8")]
transform = Transform3D(-0.371579, 0, -0.928401, 0, 1, 0, 0.928401, 0, -0.371579, -230.55, 0, 98.4302)

[node name="HedgeLumpy7" parent="Environment/Props/Bushes" instance=ExtResource("16_rcrev")]
transform = Transform3D(0.983283, 0, 0.182081, 0, 1, 0, -0.182081, 0, 0.983283, -65.0301, 0, -42.5048)

[node name="HedgeSmall7" parent="Environment/Props/Bushes" instance=ExtResource("17_76gjx")]
transform = Transform3D(0.983283, 0, 0.182081, 0, 1, 0, -0.182081, 0, 0.983283, -69.5149, 0, -39.3047)

[node name="HedgeTall7" parent="Environment/Props/Bushes" instance=ExtResource("18_maru8")]
transform = Transform3D(0.983283, 0, 0.182081, 0, 1, 0, -0.182081, 0, 0.983283, -64.3786, 0, -37.6001)

[node name="HedgeLumpy8" parent="Environment/Props/Bushes" instance=ExtResource("16_rcrev")]
transform = Transform3D(0.744649, 0, -0.667456, 0, 1, 0, 0.667456, 0, 0.744649, -63.3882, 0, 213.333)

[node name="HedgeSmall8" parent="Environment/Props/Bushes" instance=ExtResource("17_76gjx")]
transform = Transform3D(0.744649, 0, -0.667456, 0, 1, 0, 0.667456, 0, 0.744649, -68.6611, 0, 211.736)

[node name="HedgeTall8" parent="Environment/Props/Bushes" instance=ExtResource("18_maru8")]
transform = Transform3D(0.744649, 0, -0.667456, 0, 1, 0, 0.667456, 0, 0.744649, -66.8743, 0, 216.844)

[node name="HedgeLumpy10" parent="Environment/Props/Bushes" instance=ExtResource("16_rcrev")]
transform = Transform3D(-0.750065, 0, 0.661364, 0, 1, 0, -0.661364, 0, -0.750065, 6.94391, 0, 215.583)

[node name="HedgeSmall10" parent="Environment/Props/Bushes" instance=ExtResource("17_76gjx")]
transform = Transform3D(-0.750065, 0, 0.661364, 0, 1, 0, -0.661364, 0, -0.750065, 12.2295, 0, 217.138)

[node name="HedgeTall10" parent="Environment/Props/Bushes" instance=ExtResource("18_maru8")]
transform = Transform3D(-0.750065, 0, 0.661364, 0, 1, 0, -0.661364, 0, -0.750065, 10.4012, 0, 212.044)

[node name="HedgeLumpy11" parent="Environment/Props/Bushes" instance=ExtResource("16_rcrev")]
transform = Transform3D(-0.990953, 0, 0.134211, 0, 1, 0, -0.134211, 0, -0.990953, 7.80035, 0, -1.54327)

[node name="HedgeSmall11" parent="Environment/Props/Bushes" instance=ExtResource("17_76gjx")]
transform = Transform3D(-0.990953, 0, 0.134211, 0, 1, 0, -0.134211, 0, -0.990953, 13.0603, 0, -3.18219)

[node name="HedgeTall11" parent="Environment/Props/Bushes" instance=ExtResource("18_maru8")]
transform = Transform3D(-0.990953, 0, 0.134211, 0, 1, 0, -0.134211, 0, -0.990953, 8.71362, 0, -6.40601)

[node name="HedgeLumpy12" parent="Environment/Props/Bushes" instance=ExtResource("16_rcrev")]
transform = Transform3D(-0.038283, 0, 0.999267, 0, 1, 0, -0.999267, 0, -0.038283, 198.079, 0, -5.36469)

[node name="HedgeSmall12" parent="Environment/Props/Bushes" instance=ExtResource("17_76gjx")]
transform = Transform3D(-0.038283, 0, 0.999267, 0, 1, 0, -0.999267, 0, -0.038283, 200.598, 0, -0.465149)

[node name="HedgeTall12" parent="Environment/Props/Bushes" instance=ExtResource("18_maru8")]
transform = Transform3D(-0.038283, 0, 0.999267, 0, 1, 0, -0.999267, 0, -0.038283, 203.026, 0, -5.3017)

[node name="HedgeLumpy13" parent="Environment/Props/Bushes" instance=ExtResource("16_rcrev")]
transform = Transform3D(-0.947952, 0, -0.318413, 0, 1, 0, 0.318413, 0, -0.947952, -146.754, 0, 47.2124)

[node name="HedgeSmall13" parent="Environment/Props/Bushes" instance=ExtResource("17_76gjx")]
transform = Transform3D(-0.947952, 0, -0.318413, 0, 1, 0, 0.318413, 0, -0.947952, -142.763, 0, 43.414)

[node name="HedgeTall13" parent="Environment/Props/Bushes" instance=ExtResource("18_maru8")]
transform = Transform3D(-0.947952, 0, -0.318413, 0, 1, 0, 0.318413, 0, -0.947952, -148.088, 0, 42.4479)

[node name="HedgeLumpy14" parent="Environment/Props/Bushes" instance=ExtResource("16_rcrev")]
transform = Transform3D(-0.947952, 0, -0.318413, 0, 1, 0, 0.318413, 0, -0.947952, 226.165, 0, -52.3488)

[node name="HedgeSmall14" parent="Environment/Props/Bushes" instance=ExtResource("17_76gjx")]
transform = Transform3D(-0.947952, 0, -0.318413, 0, 1, 0, 0.318413, 0, -0.947952, 230.156, 0, -56.1472)

[node name="HedgeTall14" parent="Environment/Props/Bushes" instance=ExtResource("18_maru8")]
transform = Transform3D(-0.947952, 0, -0.318413, 0, 1, 0, 0.318413, 0, -0.947952, 224.831, 0, -57.1132)

[node name="HedgeLumpy16" parent="Environment/Props/Bushes" instance=ExtResource("16_rcrev")]
transform = Transform3D(0.15026, 0, 0.988647, 0, 1, 0, -0.988647, 0, 0.15026, 52.5459, 0, -240.787)

[node name="HedgeSmall16" parent="Environment/Props/Bushes" instance=ExtResource("17_76gjx")]
transform = Transform3D(0.15026, 0, 0.988647, 0, 1, 0, -0.988647, 0, 0.15026, 54.0992, 0, -235.502)

[node name="HedgeTall16" parent="Environment/Props/Bushes" instance=ExtResource("18_maru8")]
transform = Transform3D(0.15026, 0, 0.988647, 0, 1, 0, -0.988647, 0, 0.15026, 57.3931, 0, -239.795)

[node name="HedgeLumpy18" parent="Environment/Props/Bushes" instance=ExtResource("16_rcrev")]
transform = Transform3D(0.966057, 0, 0.25833, 0, 1, 0, -0.25833, 0, 0.966057, 142.142, 0, -47.0534)

[node name="HedgeSmall18" parent="Environment/Props/Bushes" instance=ExtResource("17_76gjx")]
transform = Transform3D(0.966057, 0, 0.25833, 0, 1, 0, -0.25833, 0, 0.966057, 137.921, 0, -43.5128)

[node name="HedgeTall18" parent="Environment/Props/Bushes" instance=ExtResource("18_maru8")]
transform = Transform3D(0.966057, 0, 0.25833, 0, 1, 0, -0.25833, 0, 0.966057, 143.175, 0, -42.2147)

[node name="HedgeLumpy19" parent="Environment/Props/Bushes" instance=ExtResource("16_rcrev")]
transform = Transform3D(0.979733, 0, -0.200309, 0, 1, 0, 0.200309, 0, 0.979733, 57.881, 0, -135.328)

[node name="HedgeSmall19" parent="Environment/Props/Bushes" instance=ExtResource("17_76gjx")]
transform = Transform3D(0.979733, 0, -0.200309, 0, 1, 0, 0.200309, 0, 0.979733, 52.5229, 0, -134.045)

[node name="HedgeTall19" parent="Environment/Props/Bushes" instance=ExtResource("18_maru8")]
transform = Transform3D(0.979733, 0, -0.200309, 0, 1, 0, 0.200309, 0, 0.979733, 56.6439, 0, -130.537)

[node name="HedgeLumpy20" parent="Environment/Props/Bushes" instance=ExtResource("16_rcrev")]
transform = Transform3D(0.756915, 0, 0.653513, 0, 1, 0, -0.653513, 0, 0.756915, -8.91077, 0, -190.017)

[node name="HedgeSmall20" parent="Environment/Props/Bushes" instance=ExtResource("17_76gjx")]
transform = Transform3D(0.756915, 0, 0.653513, 0, 1, 0, -0.653513, 0, 0.756915, -11.1671, 0, -184.991)

[node name="HedgeTall20" parent="Environment/Props/Bushes" instance=ExtResource("18_maru8")]
transform = Transform3D(0.756915, 0, 0.653513, 0, 1, 0, -0.653513, 0, 0.756915, -5.87268, 0, -186.112)

[node name="HedgeLumpy21" parent="Environment/Props/Bushes" instance=ExtResource("16_rcrev")]
transform = Transform3D(0.205248, 0, 0.97871, 0, 1, 0, -0.97871, 0, 0.205248, -180.833, 0, 204.228)

[node name="HedgeSmall21" parent="Environment/Props/Bushes" instance=ExtResource("17_76gjx")]
transform = Transform3D(0.205248, 0, 0.97871, 0, 1, 0, -0.97871, 0, 0.205248, -179.577, 0, 209.593)

[node name="HedgeTall21" parent="Environment/Props/Bushes" instance=ExtResource("18_maru8")]
transform = Transform3D(0.205248, 0, 0.97871, 0, 1, 0, -0.97871, 0, 0.205248, -176.048, 0, 205.489)

[node name="HedgeLumpy23" parent="Environment/Props/Bushes" instance=ExtResource("16_rcrev")]
transform = Transform3D(-0.537447, 0, 0.843298, 0, 1, 0, -0.843298, 0, -0.537447, -27.2903, 0, -45.9935)

[node name="HedgeSmall23" parent="Environment/Props/Bushes" instance=ExtResource("17_76gjx")]
transform = Transform3D(-0.537447, 0, 0.843298, 0, 1, 0, -0.843298, 0, -0.537447, -22.6423, 0, -43.0357)

[node name="HedgeTall23" parent="Environment/Props/Bushes" instance=ExtResource("18_maru8")]
transform = Transform3D(-0.537447, 0, 0.843298, 0, 1, 0, -0.843298, 0, -0.537447, -22.9878, 0, -48.4364)

[node name="HedgeLumpy24" parent="Environment/Props/Bushes" instance=ExtResource("16_rcrev")]
transform = Transform3D(-0.657599, 0, -0.753368, 0, 1, 0, 0.753368, 0, -0.657599, -92.5537, 0, 41.2463)

[node name="HedgeSmall24" parent="Environment/Props/Bushes" instance=ExtResource("17_76gjx")]
transform = Transform3D(-0.657599, 0, -0.753368, 0, 1, 0, 0.753368, 0, -0.657599, -91.0262, 0, 35.9529)

[node name="HedgeTall24" parent="Environment/Props/Bushes" instance=ExtResource("18_maru8")]
transform = Transform3D(-0.657599, 0, -0.753368, 0, 1, 0, 0.753368, 0, -0.657599, -96.1105, 0, 37.8068)

[node name="HedgeLumpy26" parent="Environment/Props/Bushes" instance=ExtResource("16_rcrev")]
transform = Transform3D(0.82461, 0, 0.565701, 0, 1, 0, -0.565701, 0, 0.82461, 135.224, 0, 87.3433)

[node name="HedgeSmall26" parent="Environment/Props/Bushes" instance=ExtResource("17_76gjx")]
transform = Transform3D(0.82461, 0, 0.565701, 0, 1, 0, -0.565701, 0, 0.82461, 132.426, 0, 92.0887)

[node name="HedgeTall26" parent="Environment/Props/Bushes" instance=ExtResource("18_maru8")]
transform = Transform3D(0.82461, 0, 0.565701, 0, 1, 0, -0.565701, 0, 0.82461, 137.812, 0, 91.5606)

[node name="HedgeTall28" parent="Environment/Props/Bushes" instance=ExtResource("18_maru8")]
transform = Transform3D(-0.284367, 0, -0.958716, 0, 1, 0, 0.958716, 0, -0.284367, 106.631, 0, 157.609)

[node name="HedgeLumpy29" parent="Environment/Props/Bushes" instance=ExtResource("16_rcrev")]
transform = Transform3D(0.181995, 0, 0.983299, 0, 1, 0, -0.983299, 0, 0.181995, 52.442, 0, -218.192)

[node name="HedgeSmall29" parent="Environment/Props/Bushes" instance=ExtResource("17_76gjx")]
transform = Transform3D(0.181995, 0, 0.983299, 0, 1, 0, -0.983299, 0, 0.181995, 53.8244, 0, -212.859)

[node name="HedgeTall29" parent="Environment/Props/Bushes" instance=ExtResource("18_maru8")]
transform = Transform3D(0.181995, 0, 0.983299, 0, 1, 0, -0.983299, 0, 0.181995, 57.2548, 0, -217.045)

[node name="HedgeLumpy30" parent="Environment/Props/Bushes" instance=ExtResource("16_rcrev")]
transform = Transform3D(-0.667521, 0, 0.744591, 0, 1, 0, -0.744591, 0, -0.667521, -212.092, 0, -80.1989)

[node name="HedgeSmall30" parent="Environment/Props/Bushes" instance=ExtResource("17_76gjx")]
transform = Transform3D(-0.667521, 0, 0.744591, 0, 1, 0, -0.744591, 0, -0.667521, -207.025, 0, -78.0368)

[node name="HedgeTall30" parent="Environment/Props/Bushes" instance=ExtResource("18_maru8")]
transform = Transform3D(-0.667521, 0, 0.744591, 0, 1, 0, -0.744591, 0, -0.667521, -208.244, 0, -83.3093)

[node name="HedgeSmall32" parent="Environment/Props/Bushes" instance=ExtResource("17_76gjx")]
transform = Transform3D(0.4015, 0, -0.915859, 0, 1, 0, 0.915859, 0, 0.4015, 213.316, 0, -43.437)

[node name="HedgeTall32" parent="Environment/Props/Bushes" instance=ExtResource("18_maru8")]
transform = Transform3D(0.4015, 0, -0.915859, 0, 1, 0, 0.915859, 0, 0.4015, 212.828, 0, -38.0474)

[node name="HedgeLumpy122" parent="Environment/Props/Bushes" instance=ExtResource("16_rcrev")]
transform = Transform3D(0.4015, 0, -0.915859, 0, 1, 0, 0.915859, 0, 0.4015, -163.094, 0, -147.663)

[node name="HedgeSmall122" parent="Environment/Props/Bushes" instance=ExtResource("17_76gjx")]
transform = Transform3D(0.4015, 0, -0.915859, 0, 1, 0, 0.915859, 0, 0.4015, -167.232, 0, -151.3)

[node name="HedgeTall46" parent="Environment/Props/Bushes" instance=ExtResource("18_maru8")]
transform = Transform3D(0.4015, 0, -0.915859, 0, 1, 0, 0.915859, 0, 0.4015, -167.721, 0, -145.91)

[node name="HedgeLumpy123" parent="Environment/Props/Bushes" instance=ExtResource("16_rcrev")]
transform = Transform3D(0.4015, 0, -0.915859, 0, 1, 0, 0.915859, 0, 0.4015, -163.094, 0, -147.663)

[node name="HedgeSmall123" parent="Environment/Props/Bushes" instance=ExtResource("17_76gjx")]
transform = Transform3D(0.4015, 0, -0.915859, 0, 1, 0, 0.915859, 0, 0.4015, -167.232, 0, -151.3)

[node name="HedgeTall47" parent="Environment/Props/Bushes" instance=ExtResource("18_maru8")]
transform = Transform3D(0.4015, 0, -0.915859, 0, 1, 0, 0.915859, 0, 0.4015, -167.721, 0, -145.91)

[node name="HedgeLumpy33" parent="Environment/Props/Bushes" instance=ExtResource("16_rcrev")]
transform = Transform3D(-0.833124, 0, -0.553086, 0, 1, 0, 0.553086, 0, -0.833124, 115.098, 0, -200.248)

[node name="HedgeSmall33" parent="Environment/Props/Bushes" instance=ExtResource("17_76gjx")]
transform = Transform3D(-0.833124, 0, -0.553086, 0, 1, 0, 0.553086, 0, -0.833124, 117.968, 0, -204.951)

[node name="HedgeTall33" parent="Environment/Props/Bushes" instance=ExtResource("18_maru8")]
transform = Transform3D(-0.833124, 0, -0.553086, 0, 1, 0, 0.553086, 0, -0.833124, 112.575, 0, -204.505)

[node name="HedgeLumpy36" parent="Environment/Props/Bushes" instance=ExtResource("16_rcrev")]
transform = Transform3D(-0.991278, 0, 0.131789, 0, 1, 0, -0.131789, 0, -0.991278, 16.0174, 0, -137.855)

[node name="HedgeSmall36" parent="Environment/Props/Bushes" instance=ExtResource("17_76gjx")]
transform = Transform3D(-0.991278, 0, 0.131789, 0, 1, 0, -0.131789, 0, -0.991278, 21.2733, 0, -139.506)

[node name="HedgeTall36" parent="Environment/Props/Bushes" instance=ExtResource("18_maru8")]
transform = Transform3D(-0.991278, 0, 0.131789, 0, 1, 0, -0.131789, 0, -0.991278, 16.9186, 0, -142.719)

[node name="HedgeLumpy37" parent="Environment/Props/Bushes" instance=ExtResource("16_rcrev")]
transform = Transform3D(-0.991278, 0, 0.131789, 0, 1, 0, -0.131789, 0, -0.991278, -5.22884, 0, -19.6862)

[node name="HedgeSmall37" parent="Environment/Props/Bushes" instance=ExtResource("17_76gjx")]
transform = Transform3D(-0.991278, 0, 0.131789, 0, 1, 0, -0.131789, 0, -0.991278, 0.0271454, 0, -21.3379)

[node name="HedgeTall37" parent="Environment/Props/Bushes" instance=ExtResource("18_maru8")]
transform = Transform3D(-0.991278, 0, 0.131789, 0, 1, 0, -0.131789, 0, -0.991278, -4.32747, 0, -24.5511)

[node name="HedgeLumpy38" parent="Environment/Props/Bushes" instance=ExtResource("16_rcrev")]
transform = Transform3D(-0.284367, 0, -0.958716, 0, 1, 0, 0.958716, 0, -0.284367, 134.68, 0, -137.607)

[node name="HedgeSmall38" parent="Environment/Props/Bushes" instance=ExtResource("17_76gjx")]
transform = Transform3D(-0.284367, 0, -0.958716, 0, 1, 0, 0.958716, 0, -0.284367, 133.866, 0, -143.056)

[node name="HedgeTall38" parent="Environment/Props/Bushes" instance=ExtResource("18_maru8")]
transform = Transform3D(-0.284367, 0, -0.958716, 0, 1, 0, 0.958716, 0, -0.284367, 130.014, 0, -139.254)

[node name="HedgeLumpy41" parent="Environment/Props/Bushes" instance=ExtResource("16_rcrev")]
transform = Transform3D(-0.982369, 0, 0.186953, 0, 1, 0, -0.186953, 0, -0.982369, 146.503, 0, -12.9715)

[node name="HedgeSmall41" parent="Environment/Props/Bushes" instance=ExtResource("17_76gjx")]
transform = Transform3D(-0.982369, 0, 0.186953, 0, 1, 0, -0.186953, 0, -0.982369, 151.843, 0, -14.3272)

[node name="HedgeTall41" parent="Environment/Props/Bushes" instance=ExtResource("18_maru8")]
transform = Transform3D(-0.982369, 0, 0.186953, 0, 1, 0, -0.186953, 0, -0.982369, 147.675, 0, -17.7785)

[node name="HedgeLumpy42" parent="Environment/Props/Bushes" instance=ExtResource("16_rcrev")]
transform = Transform3D(0.4015, 0, -0.915859, 0, 1, 0, 0.915859, 0, 0.4015, -103.138, 0, -60.2776)

[node name="HedgeSmall42" parent="Environment/Props/Bushes" instance=ExtResource("17_76gjx")]
transform = Transform3D(0.4015, 0, -0.915859, 0, 1, 0, 0.915859, 0, 0.4015, -107.276, 0, -63.9144)

[node name="HedgeTall42" parent="Environment/Props/Bushes" instance=ExtResource("18_maru8")]
transform = Transform3D(0.4015, 0, -0.915859, 0, 1, 0, 0.915859, 0, 0.4015, -107.765, 0, -58.5248)

[node name="HedgeLumpy43" parent="Environment/Props/Bushes" instance=ExtResource("16_rcrev")]
transform = Transform3D(-0.833124, 0, -0.553086, 0, 1, 0, 0.553086, 0, -0.833124, -230.656, 0, -81.2999)

[node name="HedgeSmall43" parent="Environment/Props/Bushes" instance=ExtResource("17_76gjx")]
transform = Transform3D(-0.833124, 0, -0.553086, 0, 1, 0, 0.553086, 0, -0.833124, -227.785, 0, -86.0023)

[node name="HedgeTall43" parent="Environment/Props/Bushes" instance=ExtResource("18_maru8")]
transform = Transform3D(-0.833124, 0, -0.553086, 0, 1, 0, 0.553086, 0, -0.833124, -233.179, 0, -85.5561)

[node name="HedgeLumpy44" parent="Environment/Props/Bushes" instance=ExtResource("16_rcrev")]
transform = Transform3D(0.765506, 0, -0.643429, 0, 1, 0, 0.643429, 0, 0.765506, 217.693, 0, 119.052)

[node name="HedgeSmall44" parent="Environment/Props/Bushes" instance=ExtResource("17_76gjx")]
transform = Transform3D(0.765506, 0, -0.643429, 0, 1, 0, 0.643429, 0, 0.765506, 212.372, 0, 117.624)

[node name="HedgeTall44" parent="Environment/Props/Bushes" instance=ExtResource("18_maru8")]
transform = Transform3D(0.765506, 0, -0.643429, 0, 1, 0, 0.643429, 0, 0.765506, 214.321, 0, 122.672)

[node name="HedgeLumpy45" parent="Environment/Props/Bushes" instance=ExtResource("16_rcrev")]
transform = Transform3D(0.765506, 0, -0.643429, 0, 1, 0, 0.643429, 0, 0.765506, -37.633, 0, -86.4189)

[node name="HedgeSmall45" parent="Environment/Props/Bushes" instance=ExtResource("17_76gjx")]
transform = Transform3D(0.765506, 0, -0.643429, 0, 1, 0, 0.643429, 0, 0.765506, -42.9539, 0, -87.8475)

[node name="HedgeTall45" parent="Environment/Props/Bushes" instance=ExtResource("18_maru8")]
transform = Transform3D(0.765506, 0, -0.643429, 0, 1, 0, 0.643429, 0, 0.765506, -41.0056, 0, -82.7986)

[node name="HedgeSmall46" parent="Environment/Props/Bushes" instance=ExtResource("17_76gjx")]
transform = Transform3D(1, 0, 0, 0, 1, 0, 0, 0, 1, -107.87, 0, -170.628)

[node name="HedgeSmall48" parent="Environment/Props/Bushes" instance=ExtResource("17_76gjx")]
transform = Transform3D(1, 0, 0, 0, 1, 0, 0, 0, 1, -108.144, 0, -103.608)

[node name="HedgeSmall49" parent="Environment/Props/Bushes" instance=ExtResource("17_76gjx")]
transform = Transform3D(1, 0, 0, 0, 1, 0, 0, 0, 1, -108.144, 0, -103.608)

[node name="HedgeSmall56" parent="Environment/Props/Bushes" instance=ExtResource("17_76gjx")]
transform = Transform3D(1, 0, 0, 0, 1, 0, 0, 0, 1, 181.886, 0, -43.5933)

[node name="HedgeSmall57" parent="Environment/Props/Bushes" instance=ExtResource("17_76gjx")]
transform = Transform3D(1, 0, 0, 0, 1, 0, 0, 0, 1, -61.6017, 0, -43.5933)

[node name="HedgeSmall58" parent="Environment/Props/Bushes" instance=ExtResource("17_76gjx")]
transform = Transform3D(1, 0, 0, 0, 1, 0, 0, 0, 1, -61.6017, 0, -43.5933)

[node name="HedgeSmall52" parent="Environment/Props/Bushes" instance=ExtResource("17_76gjx")]
transform = Transform3D(1, 0, 0, 0, 1, 0, 0, 0, 1, -59.2226, 0, -104.558)

[node name="HedgeSmall59" parent="Environment/Props/Bushes" instance=ExtResource("17_76gjx")]
transform = Transform3D(1, 0, 0, 0, 1, 0, 0, 0, 1, -47.2921, 0, 38.6138)

[node name="HedgeSmall60" parent="Environment/Props/Bushes" instance=ExtResource("17_76gjx")]
transform = Transform3D(1, 0, 0, 0, 1, 0, 0, 0, 1, -47.2921, 0, 248.935)

[node name="HedgeSmall61" parent="Environment/Props/Bushes" instance=ExtResource("17_76gjx")]
transform = Transform3D(0.461516, 0, -0.887132, 0, 1, 0, 0.887132, 0, 0.461516, -210.031, 0, 233.886)

[node name="HedgeSmall62" parent="Environment/Props/Bushes" instance=ExtResource("17_76gjx")]
transform = Transform3D(0.461516, 0, -0.887132, 0, 1, 0, 0.887132, 0, 0.461516, 5.78073, 0, 48.7806)

[node name="HedgeSmall63" parent="Environment/Props/Bushes" instance=ExtResource("17_76gjx")]
transform = Transform3D(-0.46546, 0, -0.885069, 0, 1, 0, 0.885069, 0, -0.46546, 66.8176, 0, 145.861)

[node name="HedgeLumpy47" parent="Environment/Props/Bushes" instance=ExtResource("16_rcrev")]
transform = Transform3D(1, 0, 0, 0, 1, 0, 0, 0, 1, -178.825, 0, 29.2206)

[node name="HedgeLumpy48" parent="Environment/Props/Bushes" instance=ExtResource("16_rcrev")]
transform = Transform3D(0.122354, 0, 0.992486, 0, 1, 0, -0.992486, 0, 0.122354, -178.825, 0, 109.395)

[node name="HedgeLumpy49" parent="Environment/Props/Bushes" instance=ExtResource("16_rcrev")]
transform = Transform3D(-0.367232, 0, 0.930129, 0, 1, 0, -0.930129, 0, -0.367232, -17.7027, 0, 202.84)

[node name="HedgeLumpy50" parent="Environment/Props/Bushes" instance=ExtResource("16_rcrev")]
transform = Transform3D(-0.367232, 0, 0.930129, 0, 1, 0, -0.930129, 0, -0.367232, -17.7027, 0, -68.9824)

[node name="HedgeLumpy51" parent="Environment/Props/Bushes" instance=ExtResource("16_rcrev")]
transform = Transform3D(-0.922484, 0, 0.386035, 0, 1, 0, -0.386035, 0, -0.922484, -195.371, 0, -68.9824)

[node name="HedgeLumpy53" parent="Environment/Props/Bushes" instance=ExtResource("16_rcrev")]
transform = Transform3D(0.627039, 0, -0.778988, 0, 1, 0, 0.778988, 0, 0.627039, -246.015, 0, -133.425)

[node name="HedgeLumpy54" parent="Environment/Props/Bushes" instance=ExtResource("16_rcrev")]
transform = Transform3D(0.677069, 0, -0.73592, 0, 1, 0, 0.73592, 0, 0.677069, 95.1132, 0, 143.383)

[node name="HedgeLumpy55" parent="Environment/Props/Bushes" instance=ExtResource("16_rcrev")]
transform = Transform3D(-0.00567225, 0, 0.999984, 0, 1, 0, -0.999984, 0, -0.00567225, -33.033, 0, 106.561)

[node name="HedgeLumpy56" parent="Environment/Props/Bushes" instance=ExtResource("16_rcrev")]
transform = Transform3D(-0.00567225, 0, 0.999984, 0, 1, 0, -0.999984, 0, -0.00567225, -107.413, 0, 228.865)

[node name="HedgeLumpy58" parent="Environment/Props/Bushes" instance=ExtResource("16_rcrev")]
transform = Transform3D(-0.630838, 0, 0.775914, 0, 1, 0, -0.775914, 0, -0.630838, 41.2021, 0, 52.3764)

[node name="HedgeLumpy60" parent="Environment/Props/Bushes" instance=ExtResource("16_rcrev")]
transform = Transform3D(-0.231969, 0, -0.972723, 0, 1, 0, 0.972723, 0, -0.231969, -101.521, 0, 101.383)

[node name="HedgeLumpy61" parent="Environment/Props/Bushes" instance=ExtResource("16_rcrev")]
transform = Transform3D(-0.231969, 0, -0.972723, 0, 1, 0, 0.972723, 0, -0.231969, -101.521, 0, 188.231)

[node name="HedgeLumpy62" parent="Environment/Props/Bushes" instance=ExtResource("16_rcrev")]
transform = Transform3D(-0.948716, 0, -0.316129, 0, 1, 0, 0.316129, 0, -0.948716, -68.6487, 0, 24.0691)

[node name="HedgeLumpy63" parent="Environment/Props/Bushes" instance=ExtResource("16_rcrev")]
transform = Transform3D(0.944206, 0.255243, -0.20815, -0.249258, 0.966877, 0.054949, 0.215281, 3.62038e-09, 0.976552, -227.926, 0, 59.5337)

[node name="HedgeSmall65" parent="Environment/Props/Bushes" instance=ExtResource("17_76gjx")]
transform = Transform3D(-0.105396, 0, 0.99443, 0, 1, 0, -0.99443, 0, -0.105396, -138.252, 0, 146.456)

[node name="HedgeSmall66" parent="Environment/Props/Bushes" instance=ExtResource("17_76gjx")]
transform = Transform3D(-0.105396, 0, 0.99443, 0, 1, 0, -0.99443, 0, -0.105396, -89.2487, 0, 209.387)

[node name="HedgeSmall67" parent="Environment/Props/Bushes" instance=ExtResource("17_76gjx")]
transform = Transform3D(-0.105396, 0, 0.99443, 0, 1, 0, -0.99443, 0, -0.105396, -119.466, 0, -75.7134)

[node name="HedgeSmall68" parent="Environment/Props/Bushes" instance=ExtResource("17_76gjx")]
transform = Transform3D(-0.105396, 0, 0.99443, 0, 1, 0, -0.99443, 0, -0.105396, -119.466, 0, -75.7134)

[node name="HedgeSmall69" parent="Environment/Props/Bushes" instance=ExtResource("17_76gjx")]
transform = Transform3D(-0.105396, 0, 0.99443, 0, 1, 0, -0.99443, 0, -0.105396, 185.33, 0, 24.3821)

[node name="HedgeSmall70" parent="Environment/Props/Bushes" instance=ExtResource("17_76gjx")]
transform = Transform3D(-0.105396, 0, 0.99443, 0, 1, 0, -0.99443, 0, -0.105396, -199.864, 0, 65.2075)

[node name="HedgeSmall71" parent="Environment/Props/Bushes" instance=ExtResource("17_76gjx")]
transform = Transform3D(0.62403, 0, -0.781401, 0, 1, 0, 0.781401, 0, 0.62403, 103.475, 0, 62.8494)

[node name="HedgeSmall72" parent="Environment/Props/Bushes" instance=ExtResource("17_76gjx")]
transform = Transform3D(0.62403, 0, -0.781401, 0, 1, 0, 0.781401, 0, 0.62403, -94.901, 0, 221.273)

[node name="HedgeSmall73" parent="Environment/Props/Bushes" instance=ExtResource("17_76gjx")]
transform = Transform3D(-0.105396, 0, 0.99443, 0, 1, 0, -0.99443, 0, -0.105396, -16.801, 0, 87.056)

[node name="HedgeSmall74" parent="Environment/Props/Bushes" instance=ExtResource("17_76gjx")]
transform = Transform3D(-0.105396, 0, 0.99443, 0, 1, 0, -0.99443, 0, -0.105396, -16.801, 0, 87.056)

[node name="HedgeSmall76" parent="Environment/Props/Bushes" instance=ExtResource("17_76gjx")]
transform = Transform3D(-0.105396, 0, 0.99443, 0, 1, 0, -0.99443, 0, -0.105396, -118.472, 0, 185.919)

[node name="HedgeSmall77" parent="Environment/Props/Bushes" instance=ExtResource("17_76gjx")]
transform = Transform3D(0.62403, 0, -0.781401, 0, 1, 0, 0.781401, 0, 0.62403, 166.456, 0, -149.011)

[node name="HedgeSmall78" parent="Environment/Props/Bushes" instance=ExtResource("17_76gjx")]
transform = Transform3D(-0.105396, 0, 0.99443, 0, 1, 0, -0.99443, 0, -0.105396, 63.44, 0, 64.1618)

[node name="HedgeSmall79" parent="Environment/Props/Bushes" instance=ExtResource("17_76gjx")]
transform = Transform3D(-0.105396, 0, 0.99443, 0, 1, 0, -0.99443, 0, -0.105396, -60.5322, 0, 145.426)

[node name="HedgeSmall81" parent="Environment/Props/Bushes" instance=ExtResource("17_76gjx")]
transform = Transform3D(0.833549, 0, 0.552446, 0, 1, 0, -0.552446, 0, 0.833549, 88.0078, 0, -0.785706)

[node name="HedgeSmall82" parent="Environment/Props/Bushes" instance=ExtResource("17_76gjx")]
transform = Transform3D(0.833549, 0, 0.552446, 0, 1, 0, -0.552446, 0, 0.833549, 166.711, 0, -10.5802)

[node name="HedgeLumpy65" parent="Environment/Props/Bushes" instance=ExtResource("16_rcrev")]
transform = Transform3D(-0.105396, 0, 0.99443, 0, 1, 0, -0.99443, 0, -0.105396, 166.607, 0, 125.519)

[node name="HedgeLumpy66" parent="Environment/Props/Bushes" instance=ExtResource("16_rcrev")]
transform = Transform3D(-0.105396, 0, 0.99443, 0, 1, 0, -0.99443, 0, -0.105396, 20.0728, 0, -19.4255)

[node name="HedgeLumpy67" parent="Environment/Props/Bushes" instance=ExtResource("16_rcrev")]
transform = Transform3D(-0.999854, 0, 0.0170685, 0, 1, 0, -0.0170685, 0, -0.999854, 99.8005, 0, -27.8756)

[node name="HedgeLumpy68" parent="Environment/Props/Bushes" instance=ExtResource("16_rcrev")]
transform = Transform3D(-0.886244, 0, -0.463219, 0, 1, 0, 0.463219, 0, -0.886244, -109.49, 0, 120.86)

[node name="HedgeLumpy69" parent="Environment/Props/Bushes" instance=ExtResource("16_rcrev")]
transform = Transform3D(-0.886244, 0, -0.463219, 0, 1, 0, 0.463219, 0, -0.886244, -46.6755, 0, 46.0775)

[node name="HedgeLumpy70" parent="Environment/Props/Bushes" instance=ExtResource("16_rcrev")]
transform = Transform3D(-0.286658, 0, -0.958033, 0, 1, 0, 0.958033, 0, -0.286658, -16.0558, 0, -156.654)

[node name="HedgeLumpy75" parent="Environment/Props/Bushes" instance=ExtResource("16_rcrev")]
transform = Transform3D(-0.993816, 0, -0.111035, 0, 1, 0, 0.111035, 0, -0.993816, 210.407, 0, -113.018)

[node name="HedgeLumpy76" parent="Environment/Props/Bushes" instance=ExtResource("16_rcrev")]
transform = Transform3D(-0.993816, 0, -0.111035, 0, 1, 0, 0.111035, 0, -0.993816, 231.256, 0, 83.701)

[node name="HedgeLumpy77" parent="Environment/Props/Bushes" instance=ExtResource("16_rcrev")]
transform = Transform3D(-0.705105, 0, -0.709103, 0, 1, 0, 0.709103, 0, -0.705105, 19.9094, 0, -240.668)

[node name="HedgeLumpy79" parent="Environment/Props/Bushes" instance=ExtResource("16_rcrev")]
transform = Transform3D(0.991754, 0, -0.128155, 0, 1, 0, 0.128155, 0, 0.991754, 90.7796, 0, 206.276)

[node name="HedgeLumpy80" parent="Environment/Props/Bushes" instance=ExtResource("16_rcrev")]
transform = Transform3D(0.991754, 0, -0.128155, 0, 1, 0, 0.128155, 0, 0.991754, 237.991, 0, 91.2206)

[node name="HedgeLumpy81" parent="Environment/Props/Bushes" instance=ExtResource("16_rcrev")]
transform = Transform3D(0.41436, 0, -0.910113, 0, 1, 0, 0.910113, 0, 0.41436, 71.2785, 0, 75.8337)

[node name="HedgeLumpy82" parent="Environment/Props/Bushes" instance=ExtResource("16_rcrev")]
transform = Transform3D(0.114566, -0.0269017, 0.993051, -0.249258, 0.966877, 0.0549489, -0.961637, -0.253822, 0.104066, 123.333, 0, 230.486)

[node name="HedgeLumpy83" parent="Environment/Props/Bushes" instance=ExtResource("16_rcrev")]
transform = Transform3D(0.114566, -0.0269017, 0.993051, -0.249258, 0.966877, 0.0549489, -0.961637, -0.253822, 0.104066, 216.345, 0, 207.472)

[node name="HedgeSmall84" parent="Environment/Props/Bushes" instance=ExtResource("17_76gjx")]
transform = Transform3D(0.744008, 0, -0.66817, 0, 1, 0, 0.66817, 0, 0.744008, 65.265, 0, 93.5767)

[node name="HedgeSmall85" parent="Environment/Props/Bushes" instance=ExtResource("17_76gjx")]
transform = Transform3D(-0.105396, 0, 0.99443, 0, 1, 0, -0.99443, 0, -0.105396, -10.2228, 0, 9.58047)

[node name="HedgeSmall88" parent="Environment/Props/Bushes" instance=ExtResource("17_76gjx")]
transform = Transform3D(-0.105396, 0, 0.99443, 0, 1, 0, -0.99443, 0, -0.105396, 194.578, 0, -56.571)

[node name="HedgeSmall90" parent="Environment/Props/Bushes" instance=ExtResource("17_76gjx")]
transform = Transform3D(0.559569, 0, -0.828784, 0, 1, 0, 0.828784, 0, 0.559569, 72.6601, 0, 115.568)

[node name="HedgeSmall91" parent="Environment/Props/Bushes" instance=ExtResource("17_76gjx")]
transform = Transform3D(-0.105396, 0, 0.99443, 0, 1, 0, -0.99443, 0, -0.105396, 83.9884, 0, 166.443)

[node name="HedgeSmall94" parent="Environment/Props/Bushes" instance=ExtResource("17_76gjx")]
transform = Transform3D(0.752622, 0, 0.658453, 0, 1, 0, -0.658453, 0, 0.752622, -127.319, 0, 224.758)

[node name="HedgeSmall95" parent="Environment/Props/Bushes" instance=ExtResource("17_76gjx")]
transform = Transform3D(-0.105396, 0, 0.99443, 0, 1, 0, -0.99443, 0, -0.105396, 188.856, 0, -127.003)

[node name="HedgeSmall96" parent="Environment/Props/Bushes" instance=ExtResource("17_76gjx")]
transform = Transform3D(0.559569, 0, -0.828784, 0, 1, 0, 0.828784, 0, 0.559569, 152.375, 0, -90.5804)

[node name="HedgeSmall97" parent="Environment/Props/Bushes" instance=ExtResource("17_76gjx")]
transform = Transform3D(-0.105396, 0, 0.99443, 0, 1, 0, -0.99443, 0, -0.105396, -190.656, 0, -32.2132)

[node name="HedgeSmall98" parent="Environment/Props/Bushes" instance=ExtResource("17_76gjx")]
transform = Transform3D(-0.105396, 0, 0.99443, 0, 1, 0, -0.99443, 0, -0.105396, 18.4937, 0, -54.3803)

[node name="HedgeSmall99" parent="Environment/Props/Bushes" instance=ExtResource("17_76gjx")]
transform = Transform3D(0.931482, 0, -0.363788, 0, 1, 0, 0.363788, 0, 0.931482, 52.8091, 0, 232.728)

[node name="HedgeSmall100" parent="Environment/Props/Bushes" instance=ExtResource("17_76gjx")]
transform = Transform3D(0.833549, 0, 0.552446, 0, 1, 0, -0.552446, 0, 0.833549, 88.0078, 0, -210.195)

[node name="HedgeLumpy84" parent="Environment/Props/Bushes" instance=ExtResource("16_rcrev")]
transform = Transform3D(-0.105396, 0, 0.99443, 0, 1, 0, -0.99443, 0, -0.105396, 175.855, 0, 44.5659)

[node name="HedgeLumpy85" parent="Environment/Props/Bushes" instance=ExtResource("16_rcrev")]
transform = Transform3D(-0.105396, 0, 0.99443, 0, 1, 0, -0.99443, 0, -0.105396, 99.0987, 0, -219.232)

[node name="HedgeLumpy86" parent="Environment/Props/Bushes" instance=ExtResource("16_rcrev")]
transform = Transform3D(-0.999854, 0, 0.0170685, 0, 1, 0, -0.0170685, 0, -0.999854, 178.826, 0, -227.682)

[node name="HedgeLumpy87" parent="Environment/Props/Bushes" instance=ExtResource("16_rcrev")]
transform = Transform3D(-0.886244, 0, -0.463219, 0, 1, 0, 0.463219, 0, -0.886244, -30.4637, 0, -78.9466)

[node name="HedgeLumpy89" parent="Environment/Props/Bushes" instance=ExtResource("16_rcrev")]
transform = Transform3D(-0.428399, 0, 0.90359, 0, 1, 0, -0.90359, 0, -0.428399, -67.7531, 0, 110.737)

[node name="HedgeLumpy90" parent="Environment/Props/Bushes" instance=ExtResource("16_rcrev")]
transform = Transform3D(0.889632, 0, -0.456679, 0, 1, 0, 0.456679, 0, 0.889632, -29.7063, 0, 99.6363)

[node name="HedgeLumpy91" parent="Environment/Props/Bushes" instance=ExtResource("16_rcrev")]
transform = Transform3D(0.708562, 0, 0.705649, 0, 1, 0, -0.705649, 0, 0.708562, 179.838, 0, 61.7916)

[node name="HedgeLumpy92" parent="Environment/Props/Bushes" instance=ExtResource("16_rcrev")]
