[gd_scene load_steps=27 format=3 uid="uid://de0a2ylka0isl"]

[ext_resource type="Script" path="res://Script/game_control.gd" id="1_x8hrr"]
[ext_resource type="PackedScene" uid="uid://k5x862goldww" path="res://Scenes/UI/pause_menu.tscn" id="2_fmrlf"]
[ext_resource type="PackedScene" uid="uid://bl64fol7gyyh2" path="res://MarkStuffTemp/yeti_player.tscn" id="3_q2scw"]
[ext_resource type="PackedScene" uid="uid://h8q0mnhmd27d" path="res://Scenes/practice_target.tscn" id="4_8nfo4"]
[ext_resource type="PackedScene" uid="uid://dues512tx2al3" path="res://Scenes/Props/hedge_lumpy.tscn" id="5_jphn3"]
[ext_resource type="PackedScene" uid="uid://cxajk4s12gg3r" path="res://Scenes/Props/hedge_small.tscn" id="6_w5ede"]
[ext_resource type="PackedScene" uid="uid://b2hawylas6qoq" path="res://Scenes/Props/hedge_tall.tscn" id="7_7ukqn"]
[ext_resource type="PackedScene" uid="uid://cb0djusaus6ca" path="res://Scenes/Props/log_stack_large.tscn" id="8_oxurt"]
[ext_resource type="PackedScene" uid="uid://iqyfrm5l4r1w" path="res://Scenes/Props/log_stack_small.tscn" id="9_u7b4g"]
[ext_resource type="PackedScene" uid="uid://hdp0vgfp62x7" path="res://Scenes/Props/ornament.tscn" id="10_434r6"]
[ext_resource type="PackedScene" uid="uid://dpgg405ixukma" path="res://Scenes/Props/scale_box.tscn" id="11_wrmas"]
[ext_resource type="PackedScene" uid="uid://cdhqbhpgni3sx" path="res://Scenes/Props/sign_circle.tscn" id="12_pgf6i"]
[ext_resource type="PackedScene" uid="uid://bcyw8ak368aco" path="res://Scenes/Props/sign_triangle.tscn" id="13_sncg6"]
[ext_resource type="PackedScene" uid="uid://jc2l80pnltl8" path="res://Scenes/Props/traffic_cone.tscn" id="14_knilo"]
[ext_resource type="PackedScene" uid="uid://b7qdvhbc0y5an" path="res://Scenes/Props/tree_pine_bent.tscn" id="15_e5y2w"]
[ext_resource type="PackedScene" uid="uid://c1pnqadtankmw" path="res://Scenes/Props/tree_pine_short.tscn" id="16_nj1ss"]
[ext_resource type="PackedScene" uid="uid://cwbyskhm0c3qd" path="res://Scenes/Props/tree_pine_straight.tscn" id="17_ukbsd"]
[ext_resource type="PackedScene" uid="uid://cs64hixqn5e3t" path="res://Scenes/Props/tree_pine_tall.tscn" id="18_uedqq"]
[ext_resource type="PackedScene" uid="uid://bxgvaqkqy8wqg" path="res://Scenes/Props/wood_stack.tscn" id="19_uepvj"]
[ext_resource type="PackedScene" uid="uid://cmhvb0iolu4ac" path="res://assets/VFX/VFX_Snowflakes.tscn" id="20_k01u2"]
[ext_resource type="PackedScene" uid="uid://d0clotds40svo" path="res://Scenes/yeti_enemy.tscn" id="21_uqrrc"]

[sub_resource type="ProceduralSkyMaterial" id="ProceduralSkyMaterial_crkph"]

[sub_resource type="Sky" id="Sky_8dhso"]
sky_material = SubResource("ProceduralSkyMaterial_crkph")

[sub_resource type="Environment" id="Environment_o45eo"]
background_mode = 2
sky = SubResource("Sky_8dhso")

[sub_resource type="BoxShape3D" id="BoxShape3D_dyt8r"]
size = Vector3(50, 1, 50)

[sub_resource type="BoxMesh" id="BoxMesh_mhvfs"]
size = Vector3(500, 1, 500)

[node name="Arena" type="Node3D"]
script = ExtResource("1_x8hrr")
pause_menu = ExtResource("2_fmrlf")

[node name="YetiPlayer" parent="." instance=ExtResource("3_q2scw")]

[node name="PracticeTarget" parent="." instance=ExtResource("4_8nfo4")]
transform = Transform3D(1, 0, 0, 0, 1, 0, 0, 0, 1, -3.5192, 2.30042, -13.7933)

[node name="PracticeTarget2" parent="." instance=ExtResource("4_8nfo4")]
transform = Transform3D(1, 0, 0, 0, 1, 0, 0, 0, 1, 4.54684, 2.30042, -13.7933)

[node name="Environment" type="Node3D" parent="."]

[node name="WorldEnvironment" type="WorldEnvironment" parent="Environment"]
environment = SubResource("Environment_o45eo")

[node name="DirectionalLight3D" type="DirectionalLight3D" parent="Environment"]
transform = Transform3D(1, 0, 0, 0, 0.46793, 0.883766, 0, -0.883766, 0.46793, 0, 0, 0)
shadow_enabled = true

[node name="StaticBody3D" type="StaticBody3D" parent="Environment"]
transform = Transform3D(5, 0, 0, 0, 5, 0, 0, 0, 5, 0, -2.5, 0)

[node name="CollisionShape3D" type="CollisionShape3D" parent="Environment/StaticBody3D"]
shape = SubResource("BoxShape3D_dyt8r")

[node name="MeshInstance3D" type="MeshInstance3D" parent="Environment/StaticBody3D"]
mesh = SubResource("BoxMesh_mhvfs")

[node name="Props" type="Node3D" parent="Environment"]

[node name="LogStackLarge" parent="Environment/Props" instance=ExtResource("8_oxurt")]
transform = Transform3D(1, 0, 0, 0, 1, 0, 0, 0, 1, 11.308, 0, -0.821313)

[node name="LogStackSmall" parent="Environment/Props" instance=ExtResource("9_u7b4g")]
transform = Transform3D(1, 0, 0, 0, 1, 0, 0, 0, 1, 7.58699, 0, -0.528992)

[node name="Ornament" parent="Environment/Props" instance=ExtResource("10_434r6")]
transform = Transform3D(1, 0, 0, 0, 1, 0, 0, 0, 1, 27.6698, 0, -20.1043)

[node name="ScaleBox" parent="Environment/Props" instance=ExtResource("11_wrmas")]
transform = Transform3D(1, 0, 0, 0, 1, 0, 0, 0, 1, 2.66545, 0, -9.40727)

[node name="SignCircle" parent="Environment/Props" instance=ExtResource("12_pgf6i")]
transform = Transform3D(1, 0, 0, 0, 1, 0, 0, 0, 1, -9.05309, 0, -12.8625)

[node name="SignTriangle" parent="Environment/Props" instance=ExtResource("13_sncg6")]
transform = Transform3D(1, 0, 0, 0, 1, 0, 0, 0, 1, 10.6236, 0, -14.9402)

[node name="TrafficCone" parent="Environment/Props" instance=ExtResource("14_knilo")]
transform = Transform3D(1, 0, 0, 0, 1, 0, 0, 0, 1, -5.87083, 0, 8.83939)

[node name="TreePineBent" parent="Environment/Props" instance=ExtResource("15_e5y2w")]
transform = Transform3D(1, 0, 0, 0, 1, 0, 0, 0, 1, -7.5655, 0, -1.93588)

[node name="TreePineShort" parent="Environment/Props" instance=ExtResource("16_nj1ss")]
transform = Transform3D(1, 0, 0, 0, 1, 0, 0, 0, 1, -14.3388, 0, -6.58419)

[node name="TreePineStraight" parent="Environment/Props" instance=ExtResource("17_ukbsd")]
transform = Transform3D(1, 0, 0, 0, 1, 0, 0, 0, 1, -6.40688, 0, 3.38299)

[node name="TreePineTall" parent="Environment/Props" instance=ExtResource("18_uedqq")]
transform = Transform3D(1, 0, 0, 0, 1, 0, 0, 0, 1, -10.9243, 0, 0.319782)

[node name="WoodStack" parent="Environment/Props" instance=ExtResource("19_uepvj")]
transform = Transform3D(1, 0, 0, 0, 1, 0, 0, 0, 1, 9.61244, 0, -6.75988)

[node name="Bushes" type="Node3D" parent="Environment/Props"]

[node name="HedgeLumpy" parent="Environment/Props/Bushes" instance=ExtResource("5_jphn3")]
transform = Transform3D(1, 0, 0, 0, 1, 0, 0, 0, 1, 8.30467, 0, 3.91861)

[node name="HedgeSmall" parent="Environment/Props/Bushes" instance=ExtResource("6_w5ede")]
transform = Transform3D(1, 0, 0, 0, 1, 0, 0, 0, 1, 3.31224, 0, 6.24854)

[node name="HedgeTall" parent="Environment/Props/Bushes" instance=ExtResource("7_7ukqn")]
transform = Transform3D(1, 0, 0, 0, 1, 0, 0, 0, 1, 8.05238, 0, 8.85983)

[node name="HedgeLumpy2" parent="Environment/Props/Bushes" instance=ExtResource("5_jphn3")]
transform = Transform3D(0.628751, 0, 0.777607, 0, 1, 0, -0.777607, 0, 0.628751, -932.473, 0, 412.001)

[node name="HedgeSmall2" parent="Environment/Props/Bushes" instance=ExtResource("6_w5ede")]
transform = Transform3D(0.628751, 0, 0.777607, 0, 1, 0, -0.777607, 0, 0.628751, -933.8, 0, 417.348)

[node name="HedgeTall2" parent="Environment/Props/Bushes" instance=ExtResource("7_7ukqn")]
transform = Transform3D(0.628751, 0, 0.777607, 0, 1, 0, -0.777607, 0, 0.628751, -928.789, 0, 415.304)

[node name="HedgeLumpy3" parent="Environment/Props/Bushes" instance=ExtResource("5_jphn3")]
transform = Transform3D(0.628751, 0, 0.777607, 0, 1, 0, -0.777607, 0, 0.628751, -257.236, 0, 412.001)

[node name="HedgeSmall3" parent="Environment/Props/Bushes" instance=ExtResource("6_w5ede")]
transform = Transform3D(0.628751, 0, 0.777607, 0, 1, 0, -0.777607, 0, 0.628751, -258.563, 0, 417.348)

[node name="HedgeTall3" parent="Environment/Props/Bushes" instance=ExtResource("7_7ukqn")]
transform = Transform3D(0.628751, 0, 0.777607, 0, 1, 0, -0.777607, 0, 0.628751, -253.552, 0, 415.304)

[node name="HedgeLumpy4" parent="Environment/Props/Bushes" instance=ExtResource("5_jphn3")]
transform = Transform3D(-0.670349, 0, 0.742046, 0, 1, 0, -0.742046, 0, -0.670349, -798.298, 0, 703.813)

[node name="HedgeSmall4" parent="Environment/Props/Bushes" instance=ExtResource("6_w5ede")]
transform = Transform3D(-0.670349, 0, 0.742046, 0, 1, 0, -0.742046, 0, -0.670349, -793.222, 0, 705.956)

[node name="HedgeTall4" parent="Environment/Props/Bushes" instance=ExtResource("7_7ukqn")]
transform = Transform3D(-0.670349, 0, 0.742046, 0, 1, 0, -0.742046, 0, -0.670349, -794.462, 0, 700.688)

[node name="HedgeLumpy5" parent="Environment/Props/Bushes" instance=ExtResource("5_jphn3")]
transform = Transform3D(-0.371579, 0, -0.928401, 0, 1, 0, 0.928401, 0, -0.371579, -917.508, 0, 1000.15)

[node name="HedgeSmall5" parent="Environment/Props/Bushes" instance=ExtResource("6_w5ede")]
transform = Transform3D(-0.371579, 0, -0.928401, 0, 1, 0, 0.928401, 0, -0.371579, -917.816, 0, 994.647)

[node name="HedgeTall5" parent="Environment/Props/Bushes" instance=ExtResource("7_7ukqn")]
transform = Transform3D(-0.371579, 0, -0.928401, 0, 1, 0, 0.928401, 0, -0.371579, -922.002, 0, 998.078)

[node name="HedgeLumpy6" parent="Environment/Props/Bushes" instance=ExtResource("5_jphn3")]
transform = Transform3D(0.744649, 0, -0.667456, 0, 1, 0, 0.667456, 0, 0.744649, -374.756, 0, 860.157)

[node name="HedgeSmall6" parent="Environment/Props/Bushes" instance=ExtResource("6_w5ede")]
transform = Transform3D(0.744649, 0, -0.667456, 0, 1, 0, 0.667456, 0, 0.744649, -380.029, 0, 858.559)

[node name="HedgeTall6" parent="Environment/Props/Bushes" instance=ExtResource("7_7ukqn")]
transform = Transform3D(0.744649, 0, -0.667456, 0, 1, 0, 0.667456, 0, 0.744649, -378.242, 0, 863.668)

[node name="HedgeLumpy7" parent="Environment/Props/Bushes" instance=ExtResource("5_jphn3")]
transform = Transform3D(0.983283, 0, 0.182081, 0, 1, 0, -0.182081, 0, 0.983283, -65.0301, 0, 858.093)

[node name="HedgeSmall7" parent="Environment/Props/Bushes" instance=ExtResource("6_w5ede")]
transform = Transform3D(0.983283, 0, 0.182081, 0, 1, 0, -0.182081, 0, 0.983283, -69.5149, 0, 861.293)

[node name="HedgeTall7" parent="Environment/Props/Bushes" instance=ExtResource("7_7ukqn")]
transform = Transform3D(0.983283, 0, 0.182081, 0, 1, 0, -0.182081, 0, 0.983283, -64.3786, 0, 862.998)

[node name="HedgeLumpy8" parent="Environment/Props/Bushes" instance=ExtResource("5_jphn3")]
transform = Transform3D(0.744649, 0, -0.667456, 0, 1, 0, 0.667456, 0, 0.744649, -63.3882, 0, 1113.93)

[node name="HedgeSmall8" parent="Environment/Props/Bushes" instance=ExtResource("6_w5ede")]
transform = Transform3D(0.744649, 0, -0.667456, 0, 1, 0, 0.667456, 0, 0.744649, -68.6611, 0, 1112.33)

[node name="HedgeTall8" parent="Environment/Props/Bushes" instance=ExtResource("7_7ukqn")]
transform = Transform3D(0.744649, 0, -0.667456, 0, 1, 0, 0.667456, 0, 0.744649, -66.8743, 0, 1117.44)

[node name="HedgeLumpy9" parent="Environment/Props/Bushes" instance=ExtResource("5_jphn3")]
transform = Transform3D(0.671203, 0, 0.741273, 0, 1, 0, -0.741273, 0, 0.671203, -412.445, 0, 1111.65)

[node name="HedgeSmall9" parent="Environment/Props/Bushes" instance=ExtResource("6_w5ede")]
transform = Transform3D(0.671203, 0, 0.741273, 0, 1, 0, -0.741273, 0, 0.671203, -414.069, 0, 1116.91)

[node name="HedgeTall9" parent="Environment/Props/Bushes" instance=ExtResource("7_7ukqn")]
transform = Transform3D(0.671203, 0, 0.741273, 0, 1, 0, -0.741273, 0, 0.671203, -408.952, 0, 1115.15)

[node name="HedgeLumpy10" parent="Environment/Props/Bushes" instance=ExtResource("5_jphn3")]
transform = Transform3D(-0.750065, 0, 0.661364, 0, 1, 0, -0.661364, 0, -0.750065, -684.508, 0, 1115.23)

[node name="HedgeSmall10" parent="Environment/Props/Bushes" instance=ExtResource("6_w5ede")]
transform = Transform3D(-0.750065, 0, 0.661364, 0, 1, 0, -0.661364, 0, -0.750065, -679.223, 0, 1116.79)

[node name="HedgeTall10" parent="Environment/Props/Bushes" instance=ExtResource("7_7ukqn")]
transform = Transform3D(-0.750065, 0, 0.661364, 0, 1, 0, -0.661364, 0, -0.750065, -681.051, 0, 1111.69)

[node name="HedgeLumpy11" parent="Environment/Props/Bushes" instance=ExtResource("5_jphn3")]
transform = Transform3D(-0.990953, 0, 0.134211, 0, 1, 0, -0.134211, 0, -0.990953, -683.652, 0, 898.104)

[node name="HedgeSmall11" parent="Environment/Props/Bushes" instance=ExtResource("6_w5ede")]
transform = Transform3D(-0.990953, 0, 0.134211, 0, 1, 0, -0.134211, 0, -0.990953, -678.392, 0, 896.465)

[node name="HedgeTall11" parent="Environment/Props/Bushes" instance=ExtResource("7_7ukqn")]
transform = Transform3D(-0.990953, 0, 0.134211, 0, 1, 0, -0.134211, 0, -0.990953, -682.739, 0, 893.242)

[node name="HedgeLumpy12" parent="Environment/Props/Bushes" instance=ExtResource("5_jphn3")]
transform = Transform3D(-0.038283, 0, 0.999267, 0, 1, 0, -0.999267, 0, -0.038283, -493.373, 0, 894.283)

[node name="HedgeSmall12" parent="Environment/Props/Bushes" instance=ExtResource("6_w5ede")]
transform = Transform3D(-0.038283, 0, 0.999267, 0, 1, 0, -0.999267, 0, -0.038283, -490.854, 0, 899.182)

[node name="HedgeTall12" parent="Environment/Props/Bushes" instance=ExtResource("7_7ukqn")]
transform = Transform3D(-0.038283, 0, 0.999267, 0, 1, 0, -0.999267, 0, -0.038283, -488.426, 0, 894.346)

[node name="HedgeLumpy13" parent="Environment/Props/Bushes" instance=ExtResource("5_jphn3")]
transform = Transform3D(-0.947952, 0, -0.318413, 0, 1, 0, 0.318413, 0, -0.947952, -491.77, 0, 530.054)

[node name="HedgeSmall13" parent="Environment/Props/Bushes" instance=ExtResource("6_w5ede")]
transform = Transform3D(-0.947952, 0, -0.318413, 0, 1, 0, 0.318413, 0, -0.947952, -487.779, 0, 526.255)

[node name="HedgeTall13" parent="Environment/Props/Bushes" instance=ExtResource("7_7ukqn")]
transform = Transform3D(-0.947952, 0, -0.318413, 0, 1, 0, 0.318413, 0, -0.947952, -493.104, 0, 525.289)

[node name="HedgeLumpy14" parent="Environment/Props/Bushes" instance=ExtResource("5_jphn3")]
transform = Transform3D(-0.947952, 0, -0.318413, 0, 1, 0, 0.318413, 0, -0.947952, -752.259, 0, 530.054)

[node name="HedgeSmall14" parent="Environment/Props/Bushes" instance=ExtResource("6_w5ede")]
transform = Transform3D(-0.947952, 0, -0.318413, 0, 1, 0, 0.318413, 0, -0.947952, -748.268, 0, 526.255)

[node name="HedgeTall14" parent="Environment/Props/Bushes" instance=ExtResource("7_7ukqn")]
transform = Transform3D(-0.947952, 0, -0.318413, 0, 1, 0, 0.318413, 0, -0.947952, -753.593, 0, 525.289)

[node name="HedgeLumpy16" parent="Environment/Props/Bushes" instance=ExtResource("5_jphn3")]
transform = Transform3D(0.15026, 0, 0.988647, 0, 1, 0, -0.988647, 0, 0.15026, 52.5459, 0, 659.81)

[node name="HedgeSmall16" parent="Environment/Props/Bushes" instance=ExtResource("6_w5ede")]
transform = Transform3D(0.15026, 0, 0.988647, 0, 1, 0, -0.988647, 0, 0.15026, 54.0992, 0, 665.096)

[node name="HedgeTall16" parent="Environment/Props/Bushes" instance=ExtResource("7_7ukqn")]
transform = Transform3D(0.15026, 0, 0.988647, 0, 1, 0, -0.988647, 0, 0.15026, 57.3931, 0, 660.802)

[node name="HedgeLumpy17" parent="Environment/Props/Bushes" instance=ExtResource("5_jphn3")]
transform = Transform3D(0.15026, 0, 0.988647, 0, 1, 0, -0.988647, 0, 0.15026, 635.448, 0, 318.972)

[node name="HedgeSmall17" parent="Environment/Props/Bushes" instance=ExtResource("6_w5ede")]
transform = Transform3D(0.15026, 0, 0.988647, 0, 1, 0, -0.988647, 0, 0.15026, 637.001, 0, 324.258)

[node name="HedgeTall17" parent="Environment/Props/Bushes" instance=ExtResource("7_7ukqn")]
transform = Transform3D(0.15026, 0, 0.988647, 0, 1, 0, -0.988647, 0, 0.15026, 640.295, 0, 319.964)

[node name="HedgeLumpy18" parent="Environment/Props/Bushes" instance=ExtResource("5_jphn3")]
transform = Transform3D(-0.953243, 0, 0.302204, 0, 1, 0, -0.302204, 0, -0.953243, 315.671, 0, 843.991)

[node name="HedgeSmall18" parent="Environment/Props/Bushes" instance=ExtResource("6_w5ede")]
transform = Transform3D(-0.953243, 0, 0.302204, 0, 1, 0, -0.302204, 0, -0.953243, 321.134, 0, 843.279)

[node name="HedgeTall18" parent="Environment/Props/Bushes" instance=ExtResource("7_7ukqn")]
transform = Transform3D(-0.953243, 0, 0.302204, 0, 1, 0, -0.302204, 0, -0.953243, 317.405, 0, 839.357)

[node name="HedgeLumpy19" parent="Environment/Props/Bushes" instance=ExtResource("5_jphn3")]
transform = Transform3D(0.979733, 0, -0.200309, 0, 1, 0, 0.200309, 0, 0.979733, 760.213, 0, 765.165)

[node name="HedgeSmall19" parent="Environment/Props/Bushes" instance=ExtResource("6_w5ede")]
transform = Transform3D(0.979733, 0, -0.200309, 0, 1, 0, 0.200309, 0, 0.979733, 754.855, 0, 766.447)

[node name="HedgeTall19" parent="Environment/Props/Bushes" instance=ExtResource("7_7ukqn")]
transform = Transform3D(0.979733, 0, -0.200309, 0, 1, 0, 0.200309, 0, 0.979733, 758.976, 0, 769.955)

[node name="HedgeLumpy20" parent="Environment/Props/Bushes" instance=ExtResource("5_jphn3")]
transform = Transform3D(0.756915, 0, 0.653513, 0, 1, 0, -0.653513, 0, 0.756915, 1026.54, 0, 607.043)

[node name="HedgeSmall20" parent="Environment/Props/Bushes" instance=ExtResource("6_w5ede")]
transform = Transform3D(0.756915, 0, 0.653513, 0, 1, 0, -0.653513, 0, 0.756915, 1024.29, 0, 612.07)

[node name="HedgeTall20" parent="Environment/Props/Bushes" instance=ExtResource("7_7ukqn")]
transform = Transform3D(0.756915, 0, 0.653513, 0, 1, 0, -0.653513, 0, 0.756915, 1029.58, 0, 610.948)

[node name="HedgeLumpy21" parent="Environment/Props/Bushes" instance=ExtResource("5_jphn3")]
transform = Transform3D(0.205248, 0, 0.97871, 0, 1, 0, -0.97871, 0, 0.205248, 854.622, 0, 1001.29)

[node name="HedgeSmall21" parent="Environment/Props/Bushes" instance=ExtResource("6_w5ede")]
transform = Transform3D(0.205248, 0, 0.97871, 0, 1, 0, -0.97871, 0, 0.205248, 855.877, 0, 1006.65)

[node name="HedgeTall21" parent="Environment/Props/Bushes" instance=ExtResource("7_7ukqn")]
transform = Transform3D(0.205248, 0, 0.97871, 0, 1, 0, -0.97871, 0, 0.205248, 859.406, 0, 1002.55)

[node name="HedgeLumpy22" parent="Environment/Props/Bushes" instance=ExtResource("5_jphn3")]
transform = Transform3D(-0.92319, 0, -0.384343, 0, 1, 0, 0.384343, 0, -0.92319, 512.712, 0, 953.844)

[node name="HedgeSmall22" parent="Environment/Props/Bushes" instance=ExtResource("6_w5ede")]
transform = Transform3D(-0.92319, 0, -0.384343, 0, 1, 0, 0.384343, 0, -0.92319, 516.425, 0, 949.774)

[node name="HedgeTall22" parent="Environment/Props/Bushes" instance=ExtResource("7_7ukqn")]
transform = Transform3D(-0.92319, 0, -0.384343, 0, 1, 0, 0.384343, 0, -0.92319, 511.046, 0, 949.185)

[node name="HedgeLumpy23" parent="Environment/Props/Bushes" instance=ExtResource("5_jphn3")]
transform = Transform3D(-0.537447, 0, 0.843298, 0, 1, 0, -0.843298, 0, -0.537447, 675.042, 0, 854.499)

[node name="HedgeSmall23" parent="Environment/Props/Bushes" instance=ExtResource("6_w5ede")]
transform = Transform3D(-0.537447, 0, 0.843298, 0, 1, 0, -0.843298, 0, -0.537447, 679.69, 0, 857.456)

[node name="HedgeTall23" parent="Environment/Props/Bushes" instance=ExtResource("7_7ukqn")]
transform = Transform3D(-0.537447, 0, 0.843298, 0, 1, 0, -0.843298, 0, -0.537447, 679.344, 0, 852.056)

[node name="HedgeLumpy24" parent="Environment/Props/Bushes" instance=ExtResource("5_jphn3")]
transform = Transform3D(-0.657599, 0, -0.753368, 0, 1, 0, 0.753368, 0, -0.657599, 492.574, 0, 539.267)

[node name="HedgeSmall24" parent="Environment/Props/Bushes" instance=ExtResource("6_w5ede")]
transform = Transform3D(-0.657599, 0, -0.753368, 0, 1, 0, 0.753368, 0, -0.657599, 494.102, 0, 533.973)

[node name="HedgeTall24" parent="Environment/Props/Bushes" instance=ExtResource("7_7ukqn")]
transform = Transform3D(-0.657599, 0, -0.753368, 0, 1, 0, 0.753368, 0, -0.657599, 489.018, 0, 535.827)

[node name="HedgeLumpy25" parent="Environment/Props/Bushes" instance=ExtResource("5_jphn3")]
transform = Transform3D(-0.657599, 0, -0.753368, 0, 1, 0, 0.753368, 0, -0.657599, 267.706, 0, 670.753)

[node name="HedgeSmall25" parent="Environment/Props/Bushes" instance=ExtResource("6_w5ede")]
transform = Transform3D(-0.657599, 0, -0.753368, 0, 1, 0, 0.753368, 0, -0.657599, 269.234, 0, 665.46)

[node name="HedgeTall25" parent="Environment/Props/Bushes" instance=ExtResource("7_7ukqn")]
transform = Transform3D(-0.657599, 0, -0.753368, 0, 1, 0, 0.753368, 0, -0.657599, 264.149, 0, 667.314)

[node name="HedgeLumpy26" parent="Environment/Props/Bushes" instance=ExtResource("5_jphn3")]
transform = Transform3D(-0.991278, 0, 0.131789, 0, 1, 0, -0.131789, 0, -0.991278, 507.937, 0, -192.944)

[node name="HedgeSmall26" parent="Environment/Props/Bushes" instance=ExtResource("6_w5ede")]
transform = Transform3D(-0.991278, 0, 0.131789, 0, 1, 0, -0.131789, 0, -0.991278, 513.193, 0, -194.596)

[node name="HedgeTall26" parent="Environment/Props/Bushes" instance=ExtResource("7_7ukqn")]
transform = Transform3D(-0.991278, 0, 0.131789, 0, 1, 0, -0.131789, 0, -0.991278, 508.838, 0, -197.809)

[node name="HedgeLumpy27" parent="Environment/Props/Bushes" instance=ExtResource("5_jphn3")]
transform = Transform3D(-0.991278, 0, 0.131789, 0, 1, 0, -0.131789, 0, -0.991278, 156.283, 0, -769.385)

[node name="HedgeSmall27" parent="Environment/Props/Bushes" instance=ExtResource("6_w5ede")]
transform = Transform3D(-0.991278, 0, 0.131789, 0, 1, 0, -0.131789, 0, -0.991278, 161.539, 0, -771.037)

[node name="HedgeTall27" parent="Environment/Props/Bushes" instance=ExtResource("7_7ukqn")]
transform = Transform3D(-0.991278, 0, 0.131789, 0, 1, 0, -0.131789, 0, -0.991278, 157.184, 0, -774.25)

[node name="HedgeLumpy28" parent="Environment/Props/Bushes" instance=ExtResource("5_jphn3")]
transform = Transform3D(-0.284367, 0, -0.958716, 0, 1, 0, 0.958716, 0, -0.284367, 687.176, 0, -459.459)

[node name="HedgeSmall28" parent="Environment/Props/Bushes" instance=ExtResource("6_w5ede")]
transform = Transform3D(-0.284367, 0, -0.958716, 0, 1, 0, 0.958716, 0, -0.284367, 686.362, 0, -464.908)

[node name="HedgeTall28" parent="Environment/Props/Bushes" instance=ExtResource("7_7ukqn")]
transform = Transform3D(-0.284367, 0, -0.958716, 0, 1, 0, 0.958716, 0, -0.284367, 682.511, 0, -461.106)

[node name="HedgeLumpy29" parent="Environment/Props/Bushes" instance=ExtResource("5_jphn3")]
transform = Transform3D(0.181995, 0, 0.983299, 0, 1, 0, -0.983299, 0, 0.181995, 600.07, 0, -902.453)

[node name="HedgeSmall29" parent="Environment/Props/Bushes" instance=ExtResource("6_w5ede")]
transform = Transform3D(0.181995, 0, 0.983299, 0, 1, 0, -0.983299, 0, 0.181995, 601.452, 0, -897.12)

[node name="HedgeTall29" parent="Environment/Props/Bushes" instance=ExtResource("7_7ukqn")]
transform = Transform3D(0.181995, 0, 0.983299, 0, 1, 0, -0.983299, 0, 0.181995, 604.883, 0, -901.306)

[node name="HedgeLumpy30" parent="Environment/Props/Bushes" instance=ExtResource("5_jphn3")]
transform = Transform3D(-0.667521, 0, 0.744591, 0, 1, 0, -0.744591, 0, -0.667521, 437.007, 0, -1165.79)

[node name="HedgeSmall30" parent="Environment/Props/Bushes" instance=ExtResource("6_w5ede")]
transform = Transform3D(-0.667521, 0, 0.744591, 0, 1, 0, -0.744591, 0, -0.667521, 442.075, 0, -1163.63)

[node name="HedgeTall30" parent="Environment/Props/Bushes" instance=ExtResource("7_7ukqn")]
transform = Transform3D(-0.667521, 0, 0.744591, 0, 1, 0, -0.744591, 0, -0.667521, 440.855, 0, -1168.9)

[node name="HedgeLumpy31" parent="Environment/Props/Bushes" instance=ExtResource("5_jphn3")]
transform = Transform3D(-0.982369, 0, 0.186953, 0, 1, 0, -0.186953, 0, -0.982369, 834.392, 0, -1001.25)

[node name="HedgeSmall31" parent="Environment/Props/Bushes" instance=ExtResource("6_w5ede")]
transform = Transform3D(-0.982369, 0, 0.186953, 0, 1, 0, -0.186953, 0, -0.982369, 839.732, 0, -1002.61)

[node name="HedgeTall31" parent="Environment/Props/Bushes" instance=ExtResource("7_7ukqn")]
transform = Transform3D(-0.982369, 0, 0.186953, 0, 1, 0, -0.186953, 0, -0.982369, 835.563, 0, -1006.06)

[node name="HedgeLumpy32" parent="Environment/Props/Bushes" instance=ExtResource("5_jphn3")]
transform = Transform3D(0.4015, 0, -0.915859, 0, 1, 0, 0.915859, 0, 0.4015, 793.334, 0, -658.516)

[node name="HedgeSmall32" parent="Environment/Props/Bushes" instance=ExtResource("6_w5ede")]
transform = Transform3D(0.4015, 0, -0.915859, 0, 1, 0, 0.915859, 0, 0.4015, 789.196, 0, -662.152)

[node name="HedgeTall32" parent="Environment/Props/Bushes" instance=ExtResource("7_7ukqn")]
transform = Transform3D(0.4015, 0, -0.915859, 0, 1, 0, 0.915859, 0, 0.4015, 788.707, 0, -656.763)

[node name="HedgeLumpy122" parent="Environment/Props/Bushes" instance=ExtResource("5_jphn3")]
transform = Transform3D(0.4015, 0, -0.915859, 0, 1, 0, 0.915859, 0, 0.4015, 793.334, 0, -348.484)

[node name="HedgeSmall122" parent="Environment/Props/Bushes" instance=ExtResource("6_w5ede")]
transform = Transform3D(0.4015, 0, -0.915859, 0, 1, 0, 0.915859, 0, 0.4015, 789.196, 0, -352.121)

[node name="HedgeTall46" parent="Environment/Props/Bushes" instance=ExtResource("7_7ukqn")]
transform = Transform3D(0.4015, 0, -0.915859, 0, 1, 0, 0.915859, 0, 0.4015, 788.707, 0, -346.732)

[node name="HedgeLumpy123" parent="Environment/Props/Bushes" instance=ExtResource("5_jphn3")]
transform = Transform3D(0.4015, 0, -0.915859, 0, 1, 0, 0.915859, 0, 0.4015, 793.334, 0, -348.484)

[node name="HedgeSmall123" parent="Environment/Props/Bushes" instance=ExtResource("6_w5ede")]
transform = Transform3D(0.4015, 0, -0.915859, 0, 1, 0, 0.915859, 0, 0.4015, 789.196, 0, -352.121)

[node name="HedgeTall47" parent="Environment/Props/Bushes" instance=ExtResource("7_7ukqn")]
transform = Transform3D(0.4015, 0, -0.915859, 0, 1, 0, 0.915859, 0, 0.4015, 788.707, 0, -346.732)

[node name="HedgeLumpy33" parent="Environment/Props/Bushes" instance=ExtResource("5_jphn3")]
transform = Transform3D(-0.833124, 0, -0.553086, 0, 1, 0, 0.553086, 0, -0.833124, 690.978, 0, -818.964)

[node name="HedgeSmall33" parent="Environment/Props/Bushes" instance=ExtResource("6_w5ede")]
transform = Transform3D(-0.833124, 0, -0.553086, 0, 1, 0, 0.553086, 0, -0.833124, 693.848, 0, -823.666)

[node name="HedgeTall33" parent="Environment/Props/Bushes" instance=ExtResource("7_7ukqn")]
transform = Transform3D(-0.833124, 0, -0.553086, 0, 1, 0, 0.553086, 0, -0.833124, 688.455, 0, -823.22)

[node name="HedgeLumpy34" parent="Environment/Props/Bushes" instance=ExtResource("5_jphn3")]
transform = Transform3D(0.765506, 0, -0.643429, 0, 1, 0, 0.643429, 0, 0.765506, 379.205, 0, -630.647)

[node name="HedgeSmall34" parent="Environment/Props/Bushes" instance=ExtResource("6_w5ede")]
transform = Transform3D(0.765506, 0, -0.643429, 0, 1, 0, 0.643429, 0, 0.765506, 373.884, 0, -632.075)

[node name="HedgeTall34" parent="Environment/Props/Bushes" instance=ExtResource("7_7ukqn")]
transform = Transform3D(0.765506, 0, -0.643429, 0, 1, 0, 0.643429, 0, 0.765506, 375.832, 0, -627.027)

[node name="HedgeLumpy35" parent="Environment/Props/Bushes" instance=ExtResource("5_jphn3")]
transform = Transform3D(0.765506, 0, -0.643429, 0, 1, 0, 0.643429, 0, 0.765506, 514.864, 0, -408.271)

[node name="HedgeSmall35" parent="Environment/Props/Bushes" instance=ExtResource("6_w5ede")]
transform = Transform3D(0.765506, 0, -0.643429, 0, 1, 0, 0.643429, 0, 0.765506, 509.543, 0, -409.7)

[node name="HedgeTall35" parent="Environment/Props/Bushes" instance=ExtResource("7_7ukqn")]
transform = Transform3D(0.765506, 0, -0.643429, 0, 1, 0, 0.643429, 0, 0.765506, 511.491, 0, -404.651)

[node name="HedgeLumpy36" parent="Environment/Props/Bushes" instance=ExtResource("5_jphn3")]
transform = Transform3D(-0.991278, 0, 0.131789, 0, 1, 0, -0.131789, 0, -0.991278, -643.691, 0, -192.944)

[node name="HedgeSmall36" parent="Environment/Props/Bushes" instance=ExtResource("6_w5ede")]
transform = Transform3D(-0.991278, 0, 0.131789, 0, 1, 0, -0.131789, 0, -0.991278, -638.435, 0, -194.596)

[node name="HedgeTall36" parent="Environment/Props/Bushes" instance=ExtResource("7_7ukqn")]
transform = Transform3D(-0.991278, 0, 0.131789, 0, 1, 0, -0.131789, 0, -0.991278, -642.79, 0, -197.809)

[node name="HedgeLumpy37" parent="Environment/Props/Bushes" instance=ExtResource("5_jphn3")]
transform = Transform3D(-0.991278, 0, 0.131789, 0, 1, 0, -0.131789, 0, -0.991278, -995.345, 0, -769.385)

[node name="HedgeSmall37" parent="Environment/Props/Bushes" instance=ExtResource("6_w5ede")]
transform = Transform3D(-0.991278, 0, 0.131789, 0, 1, 0, -0.131789, 0, -0.991278, -990.089, 0, -771.037)

[node name="HedgeTall37" parent="Environment/Props/Bushes" instance=ExtResource("7_7ukqn")]
transform = Transform3D(-0.991278, 0, 0.131789, 0, 1, 0, -0.131789, 0, -0.991278, -994.444, 0, -774.25)

[node name="HedgeLumpy38" parent="Environment/Props/Bushes" instance=ExtResource("5_jphn3")]
transform = Transform3D(-0.284367, 0, -0.958716, 0, 1, 0, 0.958716, 0, -0.284367, -464.451, 0, -459.459)

[node name="HedgeSmall38" parent="Environment/Props/Bushes" instance=ExtResource("6_w5ede")]
transform = Transform3D(-0.284367, 0, -0.958716, 0, 1, 0, 0.958716, 0, -0.284367, -465.265, 0, -464.908)

[node name="HedgeTall38" parent="Environment/Props/Bushes" instance=ExtResource("7_7ukqn")]
transform = Transform3D(-0.284367, 0, -0.958716, 0, 1, 0, 0.958716, 0, -0.284367, -469.117, 0, -461.106)

[node name="HedgeLumpy39" parent="Environment/Props/Bushes" instance=ExtResource("5_jphn3")]
transform = Transform3D(0.181995, 0, 0.983299, 0, 1, 0, -0.983299, 0, 0.181995, -551.558, 0, -902.453)

[node name="HedgeSmall39" parent="Environment/Props/Bushes" instance=ExtResource("6_w5ede")]
transform = Transform3D(0.181995, 0, 0.983299, 0, 1, 0, -0.983299, 0, 0.181995, -550.175, 0, -897.12)

[node name="HedgeTall39" parent="Environment/Props/Bushes" instance=ExtResource("7_7ukqn")]
transform = Transform3D(0.181995, 0, 0.983299, 0, 1, 0, -0.983299, 0, 0.181995, -546.745, 0, -901.306)

[node name="HedgeLumpy40" parent="Environment/Props/Bushes" instance=ExtResource("5_jphn3")]
transform = Transform3D(-0.667521, 0, 0.744591, 0, 1, 0, -0.744591, 0, -0.667521, -714.62, 0, -1165.79)

[node name="HedgeSmall40" parent="Environment/Props/Bushes" instance=ExtResource("6_w5ede")]
transform = Transform3D(-0.667521, 0, 0.744591, 0, 1, 0, -0.744591, 0, -0.667521, -709.553, 0, -1163.63)

[node name="HedgeTall40" parent="Environment/Props/Bushes" instance=ExtResource("7_7ukqn")]
transform = Transform3D(-0.667521, 0, 0.744591, 0, 1, 0, -0.744591, 0, -0.667521, -710.772, 0, -1168.9)

[node name="HedgeLumpy41" parent="Environment/Props/Bushes" instance=ExtResource("5_jphn3")]
transform = Transform3D(-0.982369, 0, 0.186953, 0, 1, 0, -0.186953, 0, -0.982369, -317.236, 0, -1001.25)

[node name="HedgeSmall41" parent="Environment/Props/Bushes" instance=ExtResource("6_w5ede")]
transform = Transform3D(-0.982369, 0, 0.186953, 0, 1, 0, -0.186953, 0, -0.982369, -311.896, 0, -1002.61)

[node name="HedgeTall41" parent="Environment/Props/Bushes" instance=ExtResource("7_7ukqn")]
transform = Transform3D(-0.982369, 0, 0.186953, 0, 1, 0, -0.186953, 0, -0.982369, -316.064, 0, -1006.06)

[node name="HedgeLumpy42" parent="Environment/Props/Bushes" instance=ExtResource("5_jphn3")]
transform = Transform3D(0.4015, 0, -0.915859, 0, 1, 0, 0.915859, 0, 0.4015, -358.293, 0, -658.516)

[node name="HedgeSmall42" parent="Environment/Props/Bushes" instance=ExtResource("6_w5ede")]
transform = Transform3D(0.4015, 0, -0.915859, 0, 1, 0, 0.915859, 0, 0.4015, -362.432, 0, -662.152)

[node name="HedgeTall42" parent="Environment/Props/Bushes" instance=ExtResource("7_7ukqn")]
transform = Transform3D(0.4015, 0, -0.915859, 0, 1, 0, 0.915859, 0, 0.4015, -362.92, 0, -656.763)

[node name="HedgeLumpy43" parent="Environment/Props/Bushes" instance=ExtResource("5_jphn3")]
transform = Transform3D(-0.833124, 0, -0.553086, 0, 1, 0, 0.553086, 0, -0.833124, -460.65, 0, -818.964)

[node name="HedgeSmall43" parent="Environment/Props/Bushes" instance=ExtResource("6_w5ede")]
transform = Transform3D(-0.833124, 0, -0.553086, 0, 1, 0, 0.553086, 0, -0.833124, -457.78, 0, -823.666)

[node name="HedgeTall43" parent="Environment/Props/Bushes" instance=ExtResource("7_7ukqn")]
transform = Transform3D(-0.833124, 0, -0.553086, 0, 1, 0, 0.553086, 0, -0.833124, -463.173, 0, -823.22)

[node name="HedgeLumpy44" parent="Environment/Props/Bushes" instance=ExtResource("5_jphn3")]
transform = Transform3D(0.765506, 0, -0.643429, 0, 1, 0, 0.643429, 0, 0.765506, -772.423, 0, -630.647)

[node name="HedgeSmall44" parent="Environment/Props/Bushes" instance=ExtResource("6_w5ede")]
transform = Transform3D(0.765506, 0, -0.643429, 0, 1, 0, 0.643429, 0, 0.765506, -777.744, 0, -632.075)

[node name="HedgeTall44" parent="Environment/Props/Bushes" instance=ExtResource("7_7ukqn")]
transform = Transform3D(0.765506, 0, -0.643429, 0, 1, 0, 0.643429, 0, 0.765506, -775.796, 0, -627.027)

[node name="HedgeLumpy45" parent="Environment/Props/Bushes" instance=ExtResource("5_jphn3")]
transform = Transform3D(0.765506, 0, -0.643429, 0, 1, 0, 0.643429, 0, 0.765506, -636.764, 0, -408.271)

[node name="HedgeSmall45" parent="Environment/Props/Bushes" instance=ExtResource("6_w5ede")]
transform = Transform3D(0.765506, 0, -0.643429, 0, 1, 0, 0.643429, 0, 0.765506, -642.085, 0, -409.7)

[node name="HedgeTall45" parent="Environment/Props/Bushes" instance=ExtResource("7_7ukqn")]
transform = Transform3D(0.765506, 0, -0.643429, 0, 1, 0, 0.643429, 0, 0.765506, -640.137, 0, -404.651)

[node name="HedgeLumpy15" parent="Environment/Props/Bushes" instance=ExtResource("5_jphn3")]
transform = Transform3D(-0.947952, 0, -0.318413, 0, 1, 0, 0.318413, 0, -0.947952, -752.259, 0, -360.43)

[node name="HedgeSmall15" parent="Environment/Props/Bushes" instance=ExtResource("6_w5ede")]
transform = Transform3D(-0.947952, 0, -0.318413, 0, 1, 0, 0.318413, 0, -0.947952, -748.268, 0, -364.228)

[node name="HedgeTall15" parent="Environment/Props/Bushes" instance=ExtResource("7_7ukqn")]
transform = Transform3D(-0.947952, 0, -0.318413, 0, 1, 0, 0.318413, 0, -0.947952, -753.593, 0, -365.194)

[node name="HedgeSmall46" parent="Environment/Props/Bushes" instance=ExtResource("6_w5ede")]
transform = Transform3D(1, 0, 0, 0, 1, 0, 0, 0, 1, -1086.29, 0, 411.774)

[node name="HedgeSmall47" parent="Environment/Props/Bushes" instance=ExtResource("6_w5ede")]
transform = Transform3D(1, 0, 0, 0, 1, 0, 0, 0, 1, -1086.29, 0, 796.04)

[node name="HedgeSmall48" parent="Environment/Props/Bushes" instance=ExtResource("6_w5ede")]
transform = Transform3D(1, 0, 0, 0, 1, 0, 0, 0, 1, -799.596, 0, 796.04)

[node name="HedgeSmall49" parent="Environment/Props/Bushes" instance=ExtResource("6_w5ede")]
transform = Transform3D(1, 0, 0, 0, 1, 0, 0, 0, 1, -799.596, 0, 796.04)

[node name="HedgeSmall50" parent="Environment/Props/Bushes" instance=ExtResource("6_w5ede")]
transform = Transform3D(1, 0, 0, 0, 1, 0, 0, 0, 1, -586.421, 0, 672.288)

[node name="HedgeSmall54" parent="Environment/Props/Bushes" instance=ExtResource("6_w5ede")]
transform = Transform3D(1, 0, 0, 0, 1, 0, 0, 0, 1, -586.421, 0, 284.937)

[node name="HedgeSmall55" parent="Environment/Props/Bushes" instance=ExtResource("6_w5ede")]
transform = Transform3D(1, 0, 0, 0, 1, 0, 0, 0, 1, -796.537, 0, 284.937)

[node name="HedgeSmall56" parent="Environment/Props/Bushes" instance=ExtResource("6_w5ede")]
transform = Transform3D(1, 0, 0, 0, 1, 0, 0, 0, 1, -796.537, 0, 538.809)

[node name="HedgeSmall57" parent="Environment/Props/Bushes" instance=ExtResource("6_w5ede")]
transform = Transform3D(1, 0, 0, 0, 1, 0, 0, 0, 1, -1040.03, 0, 538.809)

[node name="HedgeSmall58" parent="Environment/Props/Bushes" instance=ExtResource("6_w5ede")]
transform = Transform3D(1, 0, 0, 0, 1, 0, 0, 0, 1, -1040.03, 0, 538.809)

[node name="HedgeSmall51" parent="Environment/Props/Bushes" instance=ExtResource("6_w5ede")]
transform = Transform3D(1, 0, 0, 0, 1, 0, 0, 0, 1, -340.351, 0, 1009.88)

[node name="HedgeSmall52" parent="Environment/Props/Bushes" instance=ExtResource("6_w5ede")]
transform = Transform3D(1, 0, 0, 0, 1, 0, 0, 0, 1, -59.2226, 0, 796.04)

[node name="HedgeSmall53" parent="Environment/Props/Bushes" instance=ExtResource("6_w5ede")]
transform = Transform3D(1, 0, 0, 0, 1, 0, 0, 0, 1, -922.783, 0, 103.516)

[node name="HedgeSmall59" parent="Environment/Props/Bushes" instance=ExtResource("6_w5ede")]
transform = Transform3D(1, 0, 0, 0, 1, 0, 0, 0, 1, -1025.72, 0, 621.016)

[node name="HedgeSmall60" parent="Environment/Props/Bushes" instance=ExtResource("6_w5ede")]
transform = Transform3D(1, 0, 0, 0, 1, 0, 0, 0, 1, -1025.72, 0, 831.338)

[node name="HedgeSmall61" parent="Environment/Props/Bushes" instance=ExtResource("6_w5ede")]
transform = Transform3D(0.461516, 0, -0.887132, 0, 1, 0, 0.887132, 0, 0.461516, -210.031, 0, 1134.48)

[node name="HedgeSmall62" parent="Environment/Props/Bushes" instance=ExtResource("6_w5ede")]
transform = Transform3D(0.461516, 0, -0.887132, 0, 1, 0, 0.887132, 0, 0.461516, 5.78073, 0, 48.7806)

[node name="HedgeSmall63" parent="Environment/Props/Bushes" instance=ExtResource("6_w5ede")]
transform = Transform3D(0.461516, 0, -0.887132, 0, 1, 0, 0.887132, 0, 0.461516, -500.815, 0, 196.301)

[node name="HedgeSmall64" parent="Environment/Props/Bushes" instance=ExtResource("6_w5ede")]
transform = Transform3D(0.461516, 0, -0.887132, 0, 1, 0, 0.887132, 0, 0.461516, -687.398, 0, 293.368)

[node name="HedgeLumpy46" parent="Environment/Props/Bushes" instance=ExtResource("5_jphn3")]
transform = Transform3D(1, 0, 0, 0, 1, 0, 0, 0, 1, -685.021, 0, 643.009)

[node name="HedgeLumpy47" parent="Environment/Props/Bushes" instance=ExtResource("5_jphn3")]
transform = Transform3D(1, 0, 0, 0, 1, 0, 0, 0, 1, -870.277, 0, 928.868)

[node name="HedgeLumpy48" parent="Environment/Props/Bushes" instance=ExtResource("5_jphn3")]
transform = Transform3D(0.122354, 0, 0.992486, 0, 1, 0, -0.992486, 0, 0.122354, -870.277, 0, 1009.04)

[node name="HedgeLumpy49" parent="Environment/Props/Bushes" instance=ExtResource("5_jphn3")]
transform = Transform3D(-0.367232, 0, 0.930129, 0, 1, 0, -0.930129, 0, -0.367232, -996.126, 0, 785.242)

[node name="HedgeLumpy50" parent="Environment/Props/Bushes" instance=ExtResource("5_jphn3")]
transform = Transform3D(-0.367232, 0, 0.930129, 0, 1, 0, -0.930129, 0, -0.367232, -996.126, 0, 513.42)

[node name="HedgeLumpy51" parent="Environment/Props/Bushes" instance=ExtResource("5_jphn3")]
transform = Transform3D(-0.922484, 0, 0.386035, 0, 1, 0, -0.386035, 0, -0.922484, -1173.79, 0, 513.42)

[node name="HedgeLumpy52" parent="Environment/Props/Bushes" instance=ExtResource("5_jphn3")]
transform = Transform3D(-0.547899, 0, -0.836544, 0, 1, 0, 0.836544, 0, -0.547899, -1173.79, 0, 767.173)

[node name="HedgeLumpy53" parent="Environment/Props/Bushes" instance=ExtResource("5_jphn3")]
transform = Transform3D(0.627039, 0, -0.778988, 0, 1, 0, 0.778988, 0, 0.627039, -246.015, 0, 767.173)

[node name="HedgeLumpy54" parent="Environment/Props/Bushes" instance=ExtResource("5_jphn3")]
transform = Transform3D(0.990653, 0, 0.136407, 0, 1, 0, -0.136407, 0, 0.990653, -141.696, 0, 589.402)

[node name="HedgeLumpy55" parent="Environment/Props/Bushes" instance=ExtResource("5_jphn3")]
transform = Transform3D(-0.00567225, 0, 0.999984, 0, 1, 0, -0.999984, 0, -0.00567225, -378.049, 0, 589.402)

[node name="HedgeLumpy56" parent="Environment/Props/Bushes" instance=ExtResource("5_jphn3")]
transform = Transform3D(-0.00567225, 0, 0.999984, 0, 1, 0, -0.999984, 0, -0.00567225, -452.429, 0, 711.706)

[node name="HedgeLumpy57" parent="Environment/Props/Bushes" instance=ExtResource("5_jphn3")]
transform = Transform3D(-0.00567225, 0, 0.999984, 0, 1, 0, -0.999984, 0, -0.00567225, -650.25, 0, 711.706)

[node name="HedgeLumpy58" parent="Environment/Props/Bushes" instance=ExtResource("5_jphn3")]
transform = Transform3D(-0.630838, 0, 0.775914, 0, 1, 0, -0.775914, 0, -0.630838, -650.25, 0, 952.024)

[node name="HedgeLumpy59" parent="Environment/Props/Bushes" instance=ExtResource("5_jphn3")]
transform = Transform3D(-0.767758, 0, -0.64074, 0, 1, 0, 0.64074, 0, -0.767758, -302.182, 0, 952.024)

[node name="HedgeLumpy60" parent="Environment/Props/Bushes" instance=ExtResource("5_jphn3")]
transform = Transform3D(-0.231969, 0, -0.972723, 0, 1, 0, 0.972723, 0, -0.231969, -101.521, 0, 1001.98)

